-2.793207 
-2.396604 -2.264402 
-2.285218 -2.248089 -2.247002 
-2.256326 -2.246696 -2.246603 -2.246596 
-2.249030 -2.246599 -2.246592 -2.246592 -2.246592 
-2.247202 -2.246592 -2.246592 -2.246592 -2.246592 -2.246592 
-2.246744 -2.246592 -2.246592 -2.246592 -2.246592 -2.246592 -2.246592 
-2.246630 -2.246592 -2.246592 -2.246592 -2.246592 -2.246592 -2.246592 -2.246592 
-2.246601 -2.246592 -2.246592 -2.246592 -2.246592 -2.246592 -2.246592 -2.246592 -2.246592 
-2.246594 -2.246592 -2.246592 -2.246592 -2.246592 -2.246592 -2.246592 -2.246592 -2.246592 -2.246592 
-2.246593 -2.246592 -2.246592 -2.246592 -2.246592 -2.246592 -2.246592 -2.246592 -2.246592 -2.246592 -2.246592 
-2.246592 -2.246592 -2.246592 -2.246592 -2.246592 -2.246592 -2.246592 -2.246592 -2.246592 -2.246592 -2.246592 -2.246592 
-2.246592 -2.246592 -2.246592 -2.246592 -2.246592 -2.246592 -2.246592 -2.246592 -2.246592 -2.246592 -2.246592 -2.246592 -2.246592 
-2.246592 -2.246592 -2.246592 -2.246592 -2.246592 -2.246592 -2.246592 -2.246592 -2.246592 -2.246592 -2.246592 -2.246592 -2.246592 -2.246592 
-2.246592 -2.246592 -2.246592 -2.246592 -2.246592 -2.246592 -2.246592 -2.246592 -2.246592 -2.246592 -2.246592 -2.246592 -2.246592 -2.246592 -2.246592 
-2.246592 -2.246592 -2.246592 -2.246592 -2.246592 -2.246592 -2.246592 -2.246592 -2.246592 -2.246592 -2.246592 -2.246592 -2.246592 -2.246592 -2.246592 -2.246592 
