0 0.00238574  0.00465988  -0.00561584  0.00878215  0.00872174  -0.0126828 
1 0.00476775  0.00930577  -0.0111745  0.0174455  0.017213  -0.0249636 
2 0.00714247  0.0139243  -0.0166217  0.0258775  0.0252585  -0.0364692 
3 0.00950647  0.0185027  -0.0219065  0.0339733  0.032663  -0.0468652 
4 0.0118565  0.0230289  -0.0269815  0.0416368  0.0392556  -0.0558643 
5 0.0141895  0.0274914  -0.0318036  0.0487813  0.0448925  -0.0632326 
6 0.0165025  0.0318794  -0.0363336  0.0553305  0.0494593  -0.0687934 
7 0.0187927  0.036183  -0.0405371  0.0612186  0.0528719  -0.0724293 
8 0.0210576  0.0403928  -0.0443839  0.0663908  0.0550769  -0.0740816 
9 0.0232946  0.0445  -0.0478488  0.0708034  0.056051  -0.0737486 
10 0.0255016  0.0484968  -0.0509107  0.0744235  0.0557997  -0.0714823 
11 0.0276763  0.0523758  -0.0535533  0.0772289  0.0543552  -0.0673832 
12 0.0298169  0.0561304  -0.0557647  0.0792076  0.0517743  -0.0615948 
13 0.0319214  0.0597547  -0.0575371  0.0803575  0.0481353  -0.0542969 
14 0.0339882  0.0632436  -0.058867  0.0806857  0.0435349  -0.0456987 
15 0.0360159  0.0665922  -0.0597543  0.0802078  0.0380849  -0.0360311 
16 0.038003  0.0697968  -0.060203  0.0789472  0.031909  -0.0255401 
17 0.0399482  0.0728538  -0.0602202  0.0769343  0.0251393  -0.014479 
18 0.0418506  0.0757605  -0.0598159  0.0742057  0.0179127  -0.00310253 
19 0.0437092  0.0785146  -0.0590031  0.0708036  0.0103686  0.00833992 
20 0.045523  0.0811145  -0.0577972  0.0667743  0.00264507  0.0196094 
21 0.0472915  0.083559  -0.0562158  0.0621683  -0.00512307  0.0304821 
22 0.049014  0.0858474  -0.0542781  0.0570387  -0.0128069  0.0407536 
23 0.05069  0.0879794  -0.0520053  0.0514409  -0.0202854  0.0502416 
24 0.0523192  0.0899554  -0.0494195  0.0454316  -0.0274471  0.0587883 
25 0.0539014  0.091776  -0.0465441  0.0390684  -0.034191  0.0662625 
26 0.0554364  0.0934421  -0.0434031  0.0324088  -0.0404284  0.0725593 
27 0.0569242  0.0949552  -0.040021  0.02551  -0.0460827  0.0776014 
28 0.0583647  0.0963169  -0.0364226  0.0184278  -0.0510904  0.0813379 
29 0.0597582  0.0975294  -0.0326328  0.011217  -0.0554008  0.0837432 
30 0.0611048  0.098595  -0.0286762  0.00392988  -0.0589761  0.0848162 
31 0.0624048  0.0995161  -0.0245772  -0.00338314  -0.061791  0.0845778 
32 0.0636587  0.100296  -0.0203596  -0.0106745  -0.0638318  0.083069 
33 0.0648668  0.100937  -0.0160466  -0.0178993  -0.0650962  0.0803486 
34 0.0660296  0.101442  -0.0116606  -0.025016  -0.0655921  0.0764907 
35 0.0671477  0.101816  -0.00722323  -0.031986  -0.0653367  0.0715823 
36 0.0682218  0.102062  -0.00275494  -0.0387741  -0.0643557  0.0657207 
37 0.0692525  0.102182  0.00172478  -0.0453485  -0.0626819  0.0590106 
38 0.0702405  0.102182  0.00619756  -0.0516807  -0.0603543  0.0515627 
39 0.0711865  0.102064  0.0106462  -0.0577458  -0.0574174  0.0434905 
40 0.0720915  0.101833  0.0150549  -0.063522  -0.0539193  0.0349086 
41 0.0729562  0.101493  0.0194087  -0.0689908  -0.0499117  0.0259311 
42 0.0737815  0.101048  0.0236942  -0.0741369  -0.0454479  0.0166695 
43 0.0745683  0.100501  0.0278991  -0.0789479  -0.0405831  0.00723144 
44 0.0753175  0.0998569  0.0320125  -0.0834144  -0.0353723  -0.0022805 
45 0.0760301  0.0991196  0.0360244  -0.0875298  -0.0298706  -0.01177 
46 0.0767071  0.098293  0.0399264  -0.0912897  -0.024132  -0.0211475 
47 0.0773495  0.0973812  0.0437108  -0.0946924  -0.018209  -0.0303312 
48 0.0779582  0.0963879  0.0473713  -0.0977384  -0.012152  -0.0392473 
49 0.0785343  0.0953171  0.0509026  -0.10043  -0.00600898  -0.0478301 
50 0.0790788  0.0941727  0.0543004  -0.102772  0.00017499  -0.0560224 
51 0.0795927  0.0929582  0.0575614  -0.104769  0.00635782  -0.0637752 
52 0.0800771  0.0916775  0.0606831  -0.106429  0.0125007  -0.0710477 
53 0.080533  0.090334  0.063664  -0.107761  0.0185683  -0.0778069 
54 0.0809614  0.0889313  0.0665034  -0.108775  0.0245287  -0.0840274 
55 0.0813633  0.0874727  0.0692011  -0.10948  0.0303534  -0.0896909 
56 0.0817398  0.0859617  0.0717579  -0.10989  0.0360177  -0.0947856 
57 0.0820919  0.0844013  0.074175  -0.110014  0.0414999  -0.0993061 
58 0.0824206  0.0827946  0.0764543  -0.109868  0.046782  -0.103252 
59 0.0827269  0.0811448  0.0785982  -0.109462  0.0518489  -0.106629 
60 0.0830118  0.0794545  0.0806095  -0.108811  0.0566887  -0.109445 
61 0.0832762  0.0777267  0.0824914  -0.107928  0.0612922  -0.111715 
62 0.0835211  0.0759639  0.0842475  -0.106826  0.0656531  -0.113454 
63 0.0837475  0.0741687  0.0858817  -0.105519  0.0697674  -0.114683 
64 0.0839563  0.0723435  0.0873983  -0.10402  0.0736334  -0.115422 
65 0.0841484  0.0704907  0.0888015  -0.102341  0.0772516  -0.115695 
66 0.0843247  0.0686124  0.0900959  -0.100495  0.0806241  -0.115527 
67 0.0844861  0.0667108  0.0912864  -0.0984957  0.0837549  -0.114943 
68 0.0846333  0.0647878  0.0923776  -0.0963537  0.0866494  -0.113971 
69 0.0847673  0.0628453  0.0933745  -0.094081  0.0893141  -0.112637 
70 0.0848888  0.060885  0.094282  -0.0916886  0.0917569  -0.110966 
71 0.0849987  0.0589087  0.095105  -0.0891869  0.0939863  -0.108987 
72 0.0850977  0.0569178  0.0958485  -0.0865862  0.0960117  -0.106723 
73 0.0851865  0.0549139  0.0965175  -0.0838959  0.097843  -0.104202 
74 0.0852659  0.0528983  0.0971166  -0.0811249  0.0994906  -0.101445 
75 0.0853365  0.0508722  0.0976508  -0.0782818  0.100965  -0.098477 
76 0.085399  0.0488369  0.0981245  -0.0753743  0.102278  -0.0953196 
77 0.085454  0.0467934  0.0985425  -0.0724099  0.10344  -0.0919934 
78 0.0855022  0.0447426  0.0989091  -0.0693953  0.104461  -0.0885178 
79 0.0855442  0.0426856  0.0992286  -0.0663367  0.105354  -0.084911 
80 0.0855805  0.0406232  0.0995051  -0.0632399  0.106128  -0.0811897 
81 0.0856116  0.038556  0.0997426  -0.0601102  0.106794  -0.0773693 
82 0.0856381  0.0364849  0.0999449  -0.0569524  0.107362  -0.073464 
83 0.0856605  0.0344103  0.100116  -0.0537705  0.107842  -0.0694864 
84 0.0856791  0.0323329  0.100258  -0.0505687  0.108244  -0.065448 
85 0.0856945  0.0302531  0.100376  -0.0473501  0.108575  -0.0613591 
86 0.0857071  0.0281714  0.100472  -0.0441179  0.108846  -0.0572287 
87 0.0857171  0.0260881  0.100549  -0.0408746  0.109063  -0.0530648 
88 0.0857251  0.0240036  0.10061  -0.0376225  0.109235  -0.0488741 
89 0.0857312  0.0219181  0.100657  -0.0343636  0.109367  -0.0446626 
90 0.0857359  0.0198319  0.100692  -0.0310995  0.109468  -0.0404352 
91 0.0857393  0.0177451  0.100718  -0.0278315  0.109541  -0.036196 
92 0.0857417  0.015658  0.100737  -0.0245607  0.109593  -0.0319483 
93 0.0857433  0.0135705  0.100749  -0.021288  0.109629  -0.0276948 
94 0.0857443  0.0114829  0.100757  -0.018014  0.109651  -0.0234374 
95 0.085745  0.00939518  0.100762  -0.0147393  0.109665  -0.0191776 
96 0.0857453  0.00730739  0.100765  -0.0114641  0.109672  -0.0149166 
97 0.0857455  0.00521958  0.100766  -0.00818869  0.109676  -0.0106549 
98 0.0857455  0.00313175  0.100766  -0.00491323  0.109677  -0.00639299 
99 0.0857456  0.00104392  0.100766  -0.00163774  0.109677  -0.002131 
100 0.0857456  -0.00104392  0.100766  0.00163774  0.109677  0.002131 
101 0.0857455  -0.00313175  0.100766  0.00491323  0.109677  0.00639299 
102 0.0857455  -0.00521958  0.100766  0.00818869  0.109676  0.0106549 
103 0.0857453  -0.00730739  0.100765  0.0114641  0.109672  0.0149166 
104 0.085745  -0.00939518  0.100762  0.0147393  0.109665  0.0191776 
105 0.0857443  -0.0114829  0.100757  0.018014  0.109651  0.0234374 
106 0.0857433  -0.0135705  0.100749  0.021288  0.109629  0.0276948 
107 0.0857417  -0.015658  0.100737  0.0245607  0.109593  0.0319483 
108 0.0857393  -0.0177451  0.100718  0.0278315  0.109541  0.036196 
109 0.0857359  -0.0198319  0.100692  0.0310995  0.109468  0.0404352 
110 0.0857312  -0.0219181  0.100657  0.0343636  0.109367  0.0446626 
111 0.0857251  -0.0240036  0.10061  0.0376225  0.109235  0.0488741 
112 0.0857171  -0.0260881  0.100549  0.0408746  0.109063  0.0530648 
113 0.0857071  -0.0281714  0.100472  0.0441179  0.108846  0.0572287 
114 0.0856945  -0.0302531  0.100376  0.0473501  0.108575  0.0613591 
115 0.0856791  -0.0323329  0.100258  0.0505687  0.108244  0.065448 
116 0.0856605  -0.0344103  0.100116  0.0537705  0.107842  0.0694864 
117 0.0856381  -0.0364849  0.0999449  0.0569524  0.107362  0.073464 
118 0.0856116  -0.038556  0.0997426  0.0601102  0.106794  0.0773693 
119 0.0855805  -0.0406232  0.0995051  0.0632399  0.106128  0.0811897 
120 0.0855442  -0.0426856  0.0992286  0.0663367  0.105354  0.084911 
121 0.0855022  -0.0447426  0.0989091  0.0693953  0.104461  0.0885178 
122 0.085454  -0.0467934  0.0985425  0.0724099  0.10344  0.0919934 
123 0.085399  -0.0488369  0.0981245  0.0753743  0.102278  0.0953196 
124 0.0853365  -0.0508722  0.0976508  0.0782818  0.100965  0.098477 
125 0.0852659  -0.0528983  0.0971166  0.0811249  0.0994906  0.101445 
126 0.0851865  -0.0549139  0.0965175  0.0838959  0.097843  0.104202 
127 0.0850977  -0.0569178  0.0958485  0.0865862  0.0960117  0.106723 
128 0.0849987  -0.0589087  0.095105  0.0891869  0.0939863  0.108987 
129 0.0848888  -0.060885  0.094282  0.0916886  0.0917569  0.110966 
130 0.0847673  -0.0628453  0.0933745  0.094081  0.0893141  0.112637 
131 0.0846333  -0.0647878  0.0923776  0.0963537  0.0866494  0.113971 
132 0.0844861  -0.0667108  0.0912864  0.0984957  0.0837549  0.114943 
133 0.0843247  -0.0686124  0.0900959  0.100495  0.0806241  0.115527 
134 0.0841484  -0.0704907  0.0888015  0.102341  0.0772516  0.115695 
135 0.0839563  -0.0723435  0.0873983  0.10402  0.0736334  0.115422 
136 0.0837475  -0.0741687  0.0858817  0.105519  0.0697674  0.114683 
137 0.0835211  -0.0759639  0.0842475  0.106826  0.0656531  0.113454 
138 0.0832762  -0.0777267  0.0824914  0.107928  0.0612922  0.111715 
139 0.0830118  -0.0794545  0.0806095  0.108811  0.0566887  0.109445 
140 0.0827269  -0.0811448  0.0785982  0.109462  0.0518489  0.106629 
141 0.0824206  -0.0827946  0.0764543  0.109868  0.046782  0.103252 
142 0.0820919  -0.0844013  0.074175  0.110014  0.0414999  0.0993061 
143 0.0817398  -0.0859617  0.0717579  0.10989  0.0360177  0.0947856 
144 0.0813633  -0.0874727  0.0692011  0.10948  0.0303534  0.0896909 
145 0.0809614  -0.0889313  0.0665034  0.108775  0.0245287  0.0840274 
146 0.080533  -0.090334  0.063664  0.107761  0.0185683  0.0778069 
147 0.0800771  -0.0916775  0.0606831  0.106429  0.0125007  0.0710477 
148 0.0795927  -0.0929582  0.0575614  0.104769  0.00635782  0.0637752 
149 0.0790788  -0.0941727  0.0543004  0.102772  0.00017499  0.0560224 
150 0.0785343  -0.0953171  0.0509026  0.10043  -0.00600898  0.0478301 
151 0.0779582  -0.0963879  0.0473713  0.0977384  -0.012152  0.0392473 
152 0.0773495  -0.0973812  0.0437108  0.0946924  -0.018209  0.0303312 
153 0.0767071  -0.098293  0.0399264  0.0912897  -0.024132  0.0211475 
154 0.0760301  -0.0991196  0.0360244  0.0875298  -0.0298706  0.01177 
155 0.0753175  -0.0998569  0.0320125  0.0834144  -0.0353723  0.0022805 
156 0.0745683  -0.100501  0.0278991  0.0789479  -0.0405831  -0.00723144 
157 0.0737815  -0.101048  0.0236942  0.0741369  -0.0454479  -0.0166695 
158 0.0729562  -0.101493  0.0194087  0.0689908  -0.0499117  -0.0259311 
159 0.0720915  -0.101833  0.0150549  0.063522  -0.0539193  -0.0349086 
160 0.0711865  -0.102064  0.0106462  0.0577458  -0.0574174  -0.0434905 
161 0.0702405  -0.102182  0.00619756  0.0516807  -0.0603543  -0.0515627 
162 0.0692525  -0.102182  0.00172478  0.0453485  -0.0626819  -0.0590106 
163 0.0682218  -0.102062  -0.00275494  0.0387741  -0.0643557  -0.0657207 
164 0.0671477  -0.101816  -0.00722323  0.031986  -0.0653367  -0.0715823 
165 0.0660296  -0.101442  -0.0116606  0.025016  -0.0655921  -0.0764907 
166 0.0648668  -0.100937  -0.0160466  0.0178993  -0.0650962  -0.0803486 
167 0.0636587  -0.100296  -0.0203596  0.0106745  -0.0638318  -0.083069 
168 0.0624048  -0.0995161  -0.0245772  0.00338314  -0.061791  -0.0845778 
169 0.0611048  -0.098595  -0.0286762  -0.00392988  -0.0589761  -0.0848162 
170 0.0597582  -0.0975294  -0.0326328  -0.011217  -0.0554008  -0.0837432 
171 0.0583647  -0.0963169  -0.0364226  -0.0184278  -0.0510904  -0.0813379 
172 0.0569242  -0.0949552  -0.040021  -0.02551  -0.0460827  -0.0776014 
173 0.0554364  -0.0934421  -0.0434031  -0.0324088  -0.0404284  -0.0725593 
174 0.0539014  -0.091776  -0.0465441  -0.0390684  -0.034191  -0.0662625 
175 0.0523192  -0.0899554  -0.0494195  -0.0454316  -0.0274471  -0.0587883 
176 0.05069  -0.0879794  -0.0520053  -0.0514409  -0.0202854  -0.0502416 
177 0.049014  -0.0858474  -0.0542781  -0.0570387  -0.0128069  -0.0407536 
178 0.0472915  -0.083559  -0.0562158  -0.0621683  -0.00512307  -0.0304821 
179 0.045523  -0.0811145  -0.0577972  -0.0667743  0.00264507  -0.0196094 
180 0.0437092  -0.0785146  -0.0590031  -0.0708036  0.0103686  -0.00833992 
181 0.0418506  -0.0757605  -0.0598159  -0.0742057  0.0179127  0.00310253 
182 0.0399482  -0.0728538  -0.0602202  -0.0769343  0.0251393  0.014479 
183 0.038003  -0.0697968  -0.060203  -0.0789472  0.031909  0.0255401 
184 0.0360159  -0.0665922  -0.0597543  -0.0802078  0.0380849  0.0360311 
185 0.0339882  -0.0632436  -0.058867  -0.0806857  0.0435349  0.0456987 
186 0.0319214  -0.0597547  -0.0575371  -0.0803575  0.0481353  0.0542969 
187 0.0298169  -0.0561304  -0.0557647  -0.0792076  0.0517743  0.0615948 
188 0.0276763  -0.0523758  -0.0535533  -0.0772289  0.0543552  0.0673832 
189 0.0255016  -0.0484968  -0.0509107  -0.0744235  0.0557997  0.0714823 
190 0.0232946  -0.0445  -0.0478488  -0.0708034  0.056051  0.0737486 
191 0.0210576  -0.0403928  -0.0443839  -0.0663908  0.0550769  0.0740816 
192 0.0187927  -0.036183  -0.0405371  -0.0612186  0.0528719  0.0724293 
193 0.0165025  -0.0318794  -0.0363336  -0.0553305  0.0494593  0.0687934 
194 0.0141895  -0.0274914  -0.0318036  -0.0487813  0.0448925  0.0632326 
195 0.0118565  -0.0230289  -0.0269815  -0.0416368  0.0392556  0.0558643 
196 0.00950647  -0.0185027  -0.0219065  -0.0339733  0.032663  0.0468652 
197 0.00714247  -0.0139243  -0.0166217  -0.0258775  0.0252585  0.0364692 
198 0.00476775  -0.00930577  -0.0111745  -0.0174455  0.017213  0.0249636 
199 0.00238574  -0.00465988  -0.00561584  -0.00878215  0.00872174  0.0126828 
