0 -0.019721 0.000000
2 0.016787 0.036814
4 0.053294 0.073620
6 0.089791 0.110409
8 0.126272 0.147173
10 0.162726 0.183904
12 0.199147 0.220594
14 0.235526 0.257234
16 0.271855 0.293815
18 0.308125 0.330331
20 0.344329 0.366771
22 0.380459 0.403129
24 0.416505 0.439396
26 0.452461 0.475564
28 0.488319 0.511625
30 0.524069 0.547570
32 0.559705 0.583392
34 0.595218 0.619083
36 0.630600 0.654634
38 0.665844 0.690037
40 0.700941 0.725286
42 0.735884 0.760371
44 0.770666 0.795286
46 0.805277 0.830021
48 0.839712 0.864570
50 0.873961 0.898925
52 0.908019 0.933079
54 0.941876 0.967023
56 0.975526 1.000750
58 1.008961 1.034253
60 1.042174 1.067525
62 1.075157 1.100557
64 1.107905 1.133344
66 1.140408 1.165877
68 1.172661 1.198151
70 1.204656 1.230156
72 1.236387 1.261888
74 1.267846 1.293338
76 1.299027 1.324501
78 1.329923 1.355369
80 1.360528 1.385936
82 1.390835 1.416195
84 1.420838 1.446140
86 1.450530 1.475765
88 1.479905 1.505063
90 1.508956 1.534028
92 1.537679 1.562654
94 1.566067 1.590935
96 1.594113 1.618865
98 1.621813 1.646439
100 1.649161 1.673651
102 1.676150 1.700495
104 1.702776 1.726966
106 1.729033 1.753058
108 1.754916 1.778767
110 1.780420 1.804086
112 1.805539 1.829012
114 1.830269 1.853539
116 1.854605 1.877662
118 1.878542 1.901376
120 1.902075 1.924678
122 1.925201 1.947563
124 1.947914 1.970026
126 1.970211 1.992063
128 1.992087 2.013670
130 2.013538 2.034843
132 2.034561 2.055578
134 2.055151 2.075872
136 2.075305 2.095721
138 2.095019 2.115121
140 2.114290 2.134069
142 2.133115 2.152562
144 2.151490 2.170597
146 2.169413 2.188170
148 2.186880 2.205280
150 2.203889 2.221923
152 2.220436 2.238097
154 2.236521 2.253798
156 2.252139 2.269026
158 2.267290 2.283778
160 2.281970 2.298051
162 2.296178 2.311844
164 2.309911 2.325155
166 2.323169 2.337983
168 2.335949 2.350326
170 2.348250 2.362182
172 2.360071 2.373550
174 2.371410 2.384430
176 2.382267 2.394819
178 2.392639 2.404719
180 2.402528 2.414127
182 2.411931 2.423043
184 2.420848 2.431466
186 2.429280 2.439398
188 2.437225 2.446836
190 2.444683 2.453782
192 2.451655 2.460235
194 2.458141 2.466196
196 2.464140 2.471665
198 2.469653 2.476642
200 2.474681 2.481128
202 2.479225 2.485125
204 2.483284 2.488632
206 2.486860 2.491651
208 2.489955 2.494184
210 2.492568 2.496231
212 2.494703 2.497793
214 2.496359 2.498873
216 2.497538 2.499473
218 2.498242 2.499593
220 2.498474 2.499236
222 2.498234 2.498404
224 2.497525 2.497100
226 2.496350 2.495325
228 2.494709 2.493082
230 2.492606 2.490374
232 2.490044 2.487203
234 2.487025 2.483572
236 2.483551 2.479485
238 2.479626 2.474943
240 2.475253 2.469951
242 2.470434 2.464512
244 2.465174 2.458629
246 2.459475 2.452305
248 2.453341 2.445545
250 2.446775 2.438352
252 2.439782 2.430729
254 2.432364 2.422682
256 2.424527 2.414214
258 2.416273 2.405328
260 2.407607 2.396031
262 2.398534 2.386325
264 2.389057 2.376215
266 2.379181 2.365707
268 2.368911 2.354804
270 2.358250 2.343512
272 2.347205 2.331835
274 2.335779 2.319779
276 2.323978 2.307348
278 2.311806 2.294547
280 2.299269 2.281383
282 2.286372 2.267860
284 2.273120 2.253983
286 2.259518 2.239759
288 2.245572 2.225192
290 2.231288 2.210289
292 2.216670 2.195056
294 2.201725 2.179497
296 2.186458 2.163619
298 2.170875 2.147428
300 2.154982 2.130930
302 2.138784 2.114131
304 2.122289 2.097038
306 2.105502 2.079656
308 2.088428 2.061991
310 2.071075 2.044051
312 2.053449 2.025842
314 2.035555 2.007369
316 2.017400 1.988640
318 1.998991 1.969661
320 1.980334 1.950439
322 1.961435 1.930981
324 1.942301 1.911293
326 1.922940 1.891381
328 1.903356 1.871254
330 1.883557 1.850916
332 1.863550 1.830377
334 1.843342 1.809642
336 1.822939 1.788718
338 1.802348 1.767612
340 1.781576 1.746331
342 1.760629 1.724883
344 1.739515 1.703274
346 1.718241 1.681512
348 1.696813 1.659603
350 1.675239 1.637554
352 1.653525 1.615374
354 1.631679 1.593068
356 1.609706 1.570644
358 1.587616 1.548109
360 1.565413 1.525470
362 1.543107 1.502734
364 1.520702 1.479910
366 1.498207 1.457002
368 1.475628 1.434020
370 1.452973 1.410969
372 1.430249 1.387857
374 1.407461 1.364692
376 1.384618 1.341479
378 1.361727 1.318227
380 1.338794 1.294942
382 1.315826 1.271632
384 1.292830 1.248303
386 1.269813 1.224962
388 1.246782 1.201617
390 1.223744 1.178274
392 1.200706 1.154940
394 1.177674 1.131623
396 1.154655 1.108328
398 1.131656 1.085063
400 1.108683 1.061835
402 1.085743 1.038649
404 1.062844 1.015514
406 1.039990 0.992435
408 1.017189 0.969419
410 0.994448 0.946473
412 0.971772 0.923603
414 0.949168 0.900816
416 0.926643 0.878117
418 0.904202 0.855514
420 0.881852 0.833012
422 0.859599 0.810618
424 0.837449 0.788338
426 0.815408 0.766178
428 0.793482 0.744144
430 0.771677 0.722241
432 0.749999 0.700477
434 0.728454 0.678856
436 0.707046 0.657384
438 0.685783 0.636067
440 0.664669 0.614911
442 0.643709 0.593920
444 0.622910 0.573101
446 0.602277 0.552459
448 0.581814 0.531999
450 0.561528 0.511726
452 0.541422 0.491645
454 0.521503 0.471762
456 0.501774 0.452081
458 0.482242 0.432606
460 0.462909 0.413344
462 0.443782 0.394297
464 0.424865 0.375472
466 0.406162 0.356872
468 0.387677 0.338502
470 0.369415 0.320365
472 0.351380 0.302467
474 0.333577 0.284811
476 0.316008 0.267401
478 0.298678 0.250241
480 0.281591 0.233335
482 0.264751 0.216686
484 0.248160 0.200298
486 0.231823 0.184175
488 0.215743 0.168319
490 0.199923 0.152734
492 0.184367 0.137423
494 0.169076 0.122390
496 0.154056 0.107636
498 0.139307 0.093165
500 0.124834 0.078980
502 0.110638 0.065083
504 0.096722 0.051476
506 0.083089 0.038162
508 0.069741 0.025144
510 0.056680 0.012422
512 0.043908 0.000000
514 0.031428 -0.012121
516 0.019240 -0.023939
518 0.007348 -0.035452
520 -0.004248 -0.046659
522 -0.015546 -0.057559
524 -0.026545 -0.068149
526 -0.037242 -0.078429
528 -0.047638 -0.088398
530 -0.057730 -0.098055
532 -0.067519 -0.107398
534 -0.077002 -0.116427
536 -0.086180 -0.125142
538 -0.095051 -0.133542
540 -0.103615 -0.141626
542 -0.111872 -0.149394
544 -0.119822 -0.156846
546 -0.127463 -0.163982
548 -0.134797 -0.170802
550 -0.141822 -0.177305
552 -0.148540 -0.183493
554 -0.154950 -0.189366
556 -0.161053 -0.194924
558 -0.166849 -0.200168
560 -0.172339 -0.205097
562 -0.177523 -0.209715
564 -0.182402 -0.214020
566 -0.186978 -0.218014
568 -0.191251 -0.221699
570 -0.195222 -0.225076
572 -0.198892 -0.228145
574 -0.202263 -0.230908
576 -0.205336 -0.233368
578 -0.208113 -0.235525
580 -0.210595 -0.237381
582 -0.212784 -0.238939
584 -0.214681 -0.240199
586 -0.216290 -0.241165
588 -0.217611 -0.241839
590 -0.218646 -0.242222
592 -0.219399 -0.242317
594 -0.219871 -0.242126
596 -0.220065 -0.241653
598 -0.219983 -0.240899
600 -0.219627 -0.239867
602 -0.219001 -0.238561
604 -0.218107 -0.236983
606 -0.216947 -0.235136
608 -0.215526 -0.233023
610 -0.213846 -0.230648
612 -0.211909 -0.228013
614 -0.209720 -0.225123
616 -0.207281 -0.221979
618 -0.204595 -0.218587
620 -0.201667 -0.214949
622 -0.198499 -0.211070
624 -0.195096 -0.206952
626 -0.191460 -0.202600
628 -0.187596 -0.198018
630 -0.183507 -0.193209
632 -0.179197 -0.188177
634 -0.174671 -0.182928
636 -0.169931 -0.177464
638 -0.164982 -0.171790
640 -0.159829 -0.165911
642 -0.154474 -0.159830
644 -0.148924 -0.153552
646 -0.143181 -0.147082
648 -0.137250 -0.140423
650 -0.131136 -0.133581
652 -0.124842 -0.126561
654 -0.118374 -0.119366
656 -0.111737 -0.112001
658 -0.104933 -0.104472
660 -0.097969 -0.096783
662 -0.090849 -0.088939
664 -0.083578 -0.080945
666 -0.076160 -0.072806
668 -0.068599 -0.064526
670 -0.060902 -0.056111
672 -0.053073 -0.047565
674 -0.045117 -0.038895
676 -0.037038 -0.030104
678 -0.028842 -0.021198
680 -0.020533 -0.012183
682 -0.012117 -0.003062
684 -0.003598 0.006157
686 0.005018 0.015472
688 0.013726 0.024875
690 0.022522 0.034362
692 0.031399 0.043928
694 0.040354 0.053568
696 0.049381 0.063275
698 0.058474 0.073045
700 0.067629 0.082873
702 0.076841 0.092753
704 0.086104 0.102680
706 0.095413 0.112649
708 0.104764 0.122655
710 0.114150 0.132691
712 0.123568 0.142754
714 0.133011 0.152837
716 0.142474 0.162935
718 0.151954 0.173044
720 0.161443 0.183157
722 0.170939 0.193270
724 0.180434 0.203378
726 0.189925 0.213475
728 0.199406 0.223556
730 0.208872 0.233617
732 0.218318 0.243651
734 0.227740 0.253655
736 0.237132 0.263622
738 0.246490 0.273548
740 0.255808 0.283428
742 0.265082 0.293257
744 0.274307 0.303030
746 0.283478 0.312742
748 0.292591 0.322389
750 0.301641 0.331965
752 0.310623 0.341466
754 0.319532 0.350887
756 0.328364 0.360223
758 0.337115 0.369471
760 0.345780 0.378624
762 0.354355 0.387680
764 0.362835 0.396633
766 0.371216 0.405479
768 0.379493 0.414214
770 0.387664 0.422833
772 0.395722 0.431332
774 0.403665 0.439707
776 0.411488 0.447954
778 0.419187 0.456069
780 0.426759 0.464048
782 0.434199 0.471887
784 0.441504 0.479582
786 0.448670 0.487129
788 0.455694 0.494526
790 0.462571 0.501767
792 0.469299 0.508850
794 0.475874 0.515771
796 0.482292 0.522527
798 0.488551 0.529114
800 0.494647 0.535529
802 0.500576 0.541770
804 0.506337 0.547832
806 0.511926 0.553713
808 0.517339 0.559410
810 0.522575 0.564920
812 0.527631 0.570241
814 0.532503 0.575369
816 0.537189 0.580303
818 0.541688 0.585039
820 0.545996 0.589576
822 0.550111 0.593910
824 0.554030 0.598040
826 0.557753 0.601964
828 0.561276 0.605679
830 0.564598 0.609184
832 0.567716 0.612476
834 0.570630 0.615554
836 0.573337 0.618417
838 0.575836 0.621062
840 0.578125 0.623488
842 0.580203 0.625694
844 0.582068 0.627678
846 0.583720 0.629439
848 0.585156 0.630977
850 0.586377 0.632289
852 0.587380 0.633376
854 0.588166 0.634236
856 0.588733 0.634868
858 0.589081 0.635273
860 0.589209 0.635448
862 0.589117 0.635395
864 0.588804 0.635112
866 0.588269 0.634599
868 0.587514 0.633857
870 0.586537 0.632884
872 0.585338 0.631681
874 0.583919 0.630249
876 0.582277 0.628587
878 0.580415 0.626696
880 0.578333 0.624576
882 0.576030 0.622227
884 0.573507 0.619651
886 0.570765 0.616848
888 0.567805 0.613818
890 0.564628 0.610563
892 0.561234 0.607084
894 0.557624 0.603381
896 0.553799 0.599456
898 0.549761 0.595310
900 0.545511 0.590945
902 0.541050 0.586361
904 0.536380 0.581560
906 0.531502 0.576545
908 0.526417 0.571316
910 0.521128 0.565875
912 0.515636 0.560225
914 0.509943 0.554367
916 0.504051 0.548303
918 0.497963 0.542036
920 0.491679 0.535567
922 0.485202 0.528899
924 0.478535 0.522035
926 0.471680 0.514976
928 0.464639 0.507725
930 0.457415 0.500285
932 0.450010 0.492658
934 0.442427 0.484848
936 0.434669 0.476857
938 0.426738 0.468688
940 0.418638 0.460344
942 0.410371 0.451828
944 0.401940 0.443142
946 0.393349 0.434292
948 0.384600 0.425278
950 0.375696 0.416106
952 0.366642 0.406778
954 0.357440 0.397297
956 0.348093 0.387668
958 0.338606 0.377893
960 0.328981 0.367977
962 0.319222 0.357923
964 0.309333 0.347735
966 0.299317 0.337416
968 0.289178 0.326970
970 0.278920 0.316402
972 0.268547 0.305715
974 0.258063 0.294913
976 0.247470 0.284001
978 0.236775 0.272982
980 0.225979 0.261860
982 0.215088 0.250640
984 0.204105 0.239326
986 0.193035 0.227921
988 0.181882 0.216431
990 0.170649 0.204860
992 0.159342 0.193211
994 0.147964 0.181490
996 0.136520 0.169701
998 0.125013 0.157848
1000 0.113449 0.145935
1002 0.101832 0.133968
1004 0.090165 0.121950
1006 0.078454 0.109886
1008 0.066703 0.097781
1010 0.054916 0.085639
1012 0.043097 0.073465
1014 0.031252 0.061263
1016 0.019384 0.049038
1018 0.007498 0.036795
1020 -0.004401 0.024538
1022 -0.016309 0.012271
1024 -0.028222 0.000000
1026 -0.040135 -0.012271
1028 -0.052043 -0.024538
1030 -0.063942 -0.036795
1032 -0.075827 -0.049038
1034 -0.087695 -0.061263
1036 -0.099540 -0.073465
1038 -0.111358 -0.085639
1040 -0.123144 -0.097781
1042 -0.134895 -0.109886
1044 -0.146605 -0.121950
1046 -0.158270 -0.133968
1048 -0.169887 -0.145935
1050 -0.181449 -0.157848
1052 -0.192954 -0.169701
1054 -0.204396 -0.181490
1056 -0.215772 -0.193211
1058 -0.227077 -0.204860
1060 -0.238307 -0.216431
1062 -0.249457 -0.227921
1064 -0.260523 -0.239326
1066 -0.271502 -0.250640
1068 -0.282389 -0.261860
1070 -0.293179 -0.272982
1072 -0.303870 -0.284001
1074 -0.314456 -0.294913
1076 -0.324934 -0.305715
1078 -0.335300 -0.316402
1080 -0.345550 -0.326970
1082 -0.355680 -0.337416
1084 -0.365687 -0.347735
1086 -0.375565 -0.357923
1088 -0.385313 -0.367977
1090 -0.394926 -0.377893
1092 -0.404401 -0.387668
1094 -0.413733 -0.397297
1096 -0.422921 -0.406778
1098 -0.431959 -0.416106
1100 -0.440845 -0.425278
1102 -0.449575 -0.434292
1104 -0.458147 -0.443142
1106 -0.466556 -0.451828
1108 -0.474801 -0.460344
1110 -0.482877 -0.468688
1112 -0.490782 -0.476857
1114 -0.498513 -0.484848
1116 -0.506066 -0.492658
1118 -0.513440 -0.500285
1120 -0.520632 -0.507725
1122 -0.527639 -0.514976
1124 -0.534458 -0.522035
1126 -0.541086 -0.528899
1128 -0.547522 -0.535567
1130 -0.553764 -0.542036
1132 -0.559808 -0.548303
1134 -0.565653 -0.554367
1136 -0.571296 -0.560225
1138 -0.576736 -0.565875
1140 -0.581971 -0.571316
1142 -0.586998 -0.576545
1144 -0.591817 -0.581560
1146 -0.596425 -0.586361
1148 -0.600820 -0.590945
1150 -0.605002 -0.595310
1152 -0.608969 -0.599456
1154 -0.612719 -0.603381
1156 -0.616252 -0.607084
1158 -0.619565 -0.610563
1160 -0.622659 -0.613818
1162 -0.625532 -0.616848
1164 -0.628183 -0.619651
1166 -0.630612 -0.622227
1168 -0.632817 -0.624576
1170 -0.634798 -0.626696
1172 -0.636555 -0.628587
1174 -0.638087 -0.630249
1176 -0.639394 -0.631681
1178 -0.640476 -0.632884
1180 -0.641332 -0.633857
1182 -0.641963 -0.634599
1184 -0.642368 -0.635112
1186 -0.642547 -0.635395
1188 -0.642502 -0.635448
1190 -0.642231 -0.635273
1192 -0.641737 -0.634868
1194 -0.641018 -0.634236
1196 -0.640076 -0.633376
1198 -0.638912 -0.632289
1200 -0.637525 -0.630977
1202 -0.635918 -0.629439
1204 -0.634091 -0.627678
1206 -0.632045 -0.625694
1208 -0.629782 -0.623488
1210 -0.627302 -0.621062
1212 -0.624607 -0.618417
1214 -0.621698 -0.615554
1216 -0.618578 -0.612476
1218 -0.615247 -0.609184
1220 -0.611707 -0.605679
1222 -0.607961 -0.601964
1224 -0.604009 -0.598040
1226 -0.599855 -0.593910
1228 -0.595499 -0.589576
1230 -0.590945 -0.585039
1232 -0.586195 -0.580303
1234 -0.581250 -0.575369
1236 -0.576114 -0.570241
1238 -0.570788 -0.564920
1240 -0.565276 -0.559410
1242 -0.559580 -0.553713
1244 -0.553703 -0.547832
1246 -0.547648 -0.541770
1248 -0.541417 -0.535529
1250 -0.535014 -0.529114
1252 -0.528441 -0.522527
1254 -0.521703 -0.515771
1256 -0.514801 -0.508850
1258 -0.507740 -0.501767
1260 -0.500523 -0.494526
1262 -0.493153 -0.487129
1264 -0.485634 -0.479582
1266 -0.477970 -0.471887
1268 -0.470163 -0.464048
1270 -0.462219 -0.456069
1272 -0.454140 -0.447954
1274 -0.445930 -0.439707
1276 -0.437594 -0.431332
1278 -0.429136 -0.422833
1280 -0.420559 -0.414214
1282 -0.411868 -0.405479
1284 -0.403067 -0.396633
1286 -0.394160 -0.387680
1288 -0.385151 -0.378624
1290 -0.376045 -0.369471
1292 -0.366846 -0.360223
1294 -0.357559 -0.350887
1296 -0.348188 -0.341466
1298 -0.338738 -0.331965
1300 -0.329213 -0.322389
1302 -0.319617 -0.312742
1304 -0.309957 -0.303030
1306 -0.300236 -0.293257
1308 -0.290459 -0.283428
1310 -0.280631 -0.273548
1312 -0.270757 -0.263622
1314 -0.260842 -0.253655
1316 -0.250890 -0.243651
1318 -0.240907 -0.233617
1320 -0.230897 -0.223556
1322 -0.220866 -0.213475
1324 -0.210819 -0.203378
1326 -0.200760 -0.193270
1328 -0.190695 -0.183157
1330 -0.180628 -0.173044
1332 -0.170566 -0.162935
1334 -0.160512 -0.152837
1336 -0.150473 -0.142754
1338 -0.140453 -0.132691
1340 -0.130458 -0.122655
1342 -0.120493 -0.112649
1344 -0.110562 -0.102680
1346 -0.100671 -0.092753
1348 -0.090826 -0.082873
1350 -0.081031 -0.073045
1352 -0.071292 -0.063275
1354 -0.061614 -0.053568
1356 -0.052002 -0.043928
1358 -0.042461 -0.034362
1360 -0.032997 -0.024875
1362 -0.023614 -0.015472
1364 -0.014318 -0.006157
1366 -0.005114 0.003062
1368 0.003993 0.012183
1370 0.012998 0.021198
1372 0.021895 0.030104
1374 0.030681 0.038895
1376 0.039349 0.047565
1378 0.047895 0.056111
1380 0.056313 0.064526
1382 0.064599 0.072806
1384 0.072748 0.080945
1386 0.080755 0.088939
1388 0.088615 0.096783
1390 0.096323 0.104472
1392 0.103874 0.112001
1394 0.111264 0.119366
1396 0.118489 0.126561
1398 0.125542 0.133581
1400 0.132420 0.140423
1402 0.139119 0.147082
1404 0.145633 0.153552
1406 0.151958 0.159830
1408 0.158090 0.165911
1410 0.164025 0.171790
1412 0.169757 0.177464
1414 0.175284 0.182928
1416 0.180600 0.188177
1418 0.185702 0.193209
1420 0.190585 0.198018
1422 0.195246 0.202600
1424 0.199681 0.206952
1426 0.203886 0.211070
1428 0.207857 0.214949
1430 0.211590 0.218587
1432 0.215081 0.221979
1434 0.218328 0.225123
1436 0.221327 0.228013
1438 0.224074 0.230648
1440 0.226565 0.233023
1442 0.228799 0.235136
1444 0.230771 0.236983
1446 0.232479 0.238561
1448 0.233919 0.239867
1450 0.235088 0.240899
1452 0.235985 0.241653
1454 0.236605 0.242126
1456 0.236947 0.242317
1458 0.237007 0.242222
1460 0.236784 0.241839
1462 0.236275 0.241165
1464 0.235478 0.240199
1466 0.234390 0.238939
1468 0.233010 0.237381
1470 0.231336 0.235525
1472 0.229365 0.233368
1474 0.227095 0.230908
1476 0.224526 0.228145
1478 0.221656 0.225076
1480 0.218483 0.221699
1482 0.215005 0.218014
1484 0.211222 0.214020
1486 0.207132 0.209715
1488 0.202735 0.205097
1490 0.198029 0.200168
1492 0.193013 0.194924
1494 0.187687 0.189366
1496 0.182051 0.183493
1498 0.176102 0.177305
1500 0.169842 0.170802
1502 0.163270 0.163982
1504 0.156386 0.156846
1506 0.149189 0.149394
1508 0.141679 0.141626
1510 0.133858 0.133542
1512 0.125724 0.125142
1514 0.117279 0.116427
1516 0.108523 0.107398
1518 0.099457 0.098055
1520 0.090080 0.088398
1522 0.080394 0.078429
1524 0.070401 0.068149
1526 0.060100 0.057559
1528 0.049493 0.046659
1530 0.038582 0.035452
1532 0.027368 0.023939
1534 0.015851 0.012121
1536 0.004035 0.000000
1538 -0.008080 -0.012422
1540 -0.020491 -0.025144
1542 -0.033197 -0.038162
1544 -0.046196 -0.051476
1546 -0.059485 -0.065083
1548 -0.073063 -0.078980
1550 -0.086926 -0.093165
1552 -0.101073 -0.107636
1554 -0.115500 -0.122390
1556 -0.130205 -0.137423
1558 -0.145186 -0.152734
1560 -0.160439 -0.168319
1562 -0.175961 -0.184175
1564 -0.191749 -0.200298
1566 -0.207800 -0.216686
1568 -0.224111 -0.233335
1570 -0.240678 -0.250241
1572 -0.257497 -0.267401
1574 -0.274565 -0.284811
1576 -0.291878 -0.302467
1578 -0.309433 -0.320365
1580 -0.327224 -0.338502
1582 -0.345249 -0.356872
1584 -0.363504 -0.375472
1586 -0.381983 -0.394297
1588 -0.400682 -0.413344
1590 -0.419598 -0.432606
1592 -0.438725 -0.452081
1594 -0.458059 -0.471762
1596 -0.477595 -0.491645
1598 -0.497329 -0.511726
1600 -0.517255 -0.531999
1602 -0.537369 -0.552459
1604 -0.557665 -0.573101
1606 -0.578139 -0.593920
1608 -0.598785 -0.614911
1610 -0.619598 -0.636067
1612 -0.640572 -0.657384
1614 -0.661702 -0.678856
1616 -0.682982 -0.700477
1618 -0.704408 -0.722241
1620 -0.725972 -0.744144
1622 -0.747670 -0.766178
1624 -0.769496 -0.788338
1626 -0.791443 -0.810618
1628 -0.813506 -0.833012
1630 -0.835679 -0.855514
1632 -0.857955 -0.878117
1634 -0.880329 -0.900816
1636 -0.902794 -0.923603
1638 -0.925344 -0.946473
1640 -0.947973 -0.969419
1642 -0.970674 -0.992435
1644 -0.993441 -1.015514
1646 -1.016268 -1.038649
1648 -1.039147 -1.061835
1650 -1.062073 -1.085063
1652 -1.085038 -1.108328
1654 -1.108036 -1.131623
1656 -1.131061 -1.154940
1658 -1.154106 -1.178274
1660 -1.177163 -1.201617
1662 -1.200227 -1.224962
1664 -1.223289 -1.248303
1666 -1.246345 -1.271632
1668 -1.269385 -1.294942
1670 -1.292405 -1.318227
1672 -1.315395 -1.341479
1674 -1.338351 -1.364692
1676 -1.361264 -1.387857
1678 -1.384129 -1.410969
1680 -1.406936 -1.434020
1682 -1.429681 -1.457002
1684 -1.452355 -1.479910
1686 -1.474952 -1.502734
1688 -1.497464 -1.525470
1690 -1.519885 -1.548109
1692 -1.542208 -1.570644
1694 -1.564425 -1.593068
1696 -1.586529 -1.615374
1698 -1.608514 -1.637554
1700 -1.630372 -1.659603
1702 -1.652096 -1.681512
1704 -1.673680 -1.703274
1706 -1.695116 -1.724883
1708 -1.716397 -1.746331
1710 -1.737516 -1.767612
1712 -1.758467 -1.788718
1714 -1.779243 -1.809642
1716 -1.799836 -1.830377
1718 -1.820240 -1.850916
1720 -1.840447 -1.871254
1722 -1.860452 -1.891381
1724 -1.880247 -1.911293
1726 -1.899826 -1.930981
1728 -1.919181 -1.950439
1730 -1.938307 -1.969661
1732 -1.957196 -1.988640
1734 -1.975843 -2.007369
1736 -1.994240 -2.025842
1738 -2.012381 -2.044051
1740 -2.030259 -2.061991
1742 -2.047869 -2.079656
1744 -2.065204 -2.097038
1746 -2.082257 -2.114131
1748 -2.099023 -2.130930
1750 -2.115495 -2.147428
1752 -2.131667 -2.163619
1754 -2.147534 -2.179497
1756 -2.163089 -2.195056
1758 -2.178327 -2.210289
1760 -2.193241 -2.225192
1762 -2.207826 -2.239759
1764 -2.222076 -2.253983
1766 -2.235986 -2.267860
1768 -2.249550 -2.281383
1770 -2.262763 -2.294547
1772 -2.275619 -2.307348
1774 -2.288114 -2.319779
1776 -2.300241 -2.331835
1778 -2.311997 -2.343512
1780 -2.323375 -2.354804
1782 -2.334372 -2.365707
1784 -2.344982 -2.376215
1786 -2.355200 -2.386325
1788 -2.365022 -2.396031
1790 -2.374444 -2.405328
1792 -2.383461 -2.414214
1794 -2.392068 -2.422682
1796 -2.400263 -2.430729
1798 -2.408039 -2.438352
1800 -2.415394 -2.445545
1802 -2.422323 -2.452305
1804 -2.428823 -2.458629
1806 -2.434891 -2.464512
1808 -2.440521 -2.469951
1810 -2.445712 -2.474943
1812 -2.450459 -2.479485
1814 -2.454760 -2.483572
1816 -2.458611 -2.487203
1818 -2.462010 -2.490374
1820 -2.464953 -2.493082
1822 -2.467438 -2.495325
1824 -2.469462 -2.497100
1826 -2.471022 -2.498404
1828 -2.472117 -2.499236
1830 -2.472743 -2.499593
1832 -2.472900 -2.499473
1834 -2.472584 -2.498873
1836 -2.471794 -2.497793
1838 -2.470528 -2.496231
1840 -2.468784 -2.494184
1842 -2.466561 -2.491651
1844 -2.463858 -2.488632
1846 -2.460673 -2.485125
1848 -2.457006 -2.481128
1850 -2.452854 -2.476642
1852 -2.448218 -2.471665
1854 -2.443096 -2.466196
1856 -2.437488 -2.460235
1858 -2.431394 -2.453782
1860 -2.424813 -2.446836
1862 -2.417744 -2.439398
1864 -2.410189 -2.431466
1866 -2.402146 -2.423043
1868 -2.393617 -2.414127
1870 -2.384600 -2.404719
1872 -2.375098 -2.394819
1874 -2.365110 -2.384430
1876 -2.354638 -2.373550
1878 -2.343681 -2.362182
1880 -2.332242 -2.350326
1882 -2.320320 -2.337983
1884 -2.307918 -2.325155
1886 -2.295037 -2.311844
1888 -2.281678 -2.298051
1890 -2.267843 -2.283778
1892 -2.253533 -2.269026
1894 -2.238752 -2.253798
1896 -2.223500 -2.238097
1898 -2.207780 -2.221923
1900 -2.191594 -2.205280
1902 -2.174945 -2.188170
1904 -2.157835 -2.170597
1906 -2.140267 -2.152562
1908 -2.122244 -2.134069
1910 -2.103769 -2.115121
1912 -2.084844 -2.095721
1914 -2.065473 -2.075872
1916 -2.045660 -2.055578
1918 -2.025408 -2.034843
1920 -2.004719 -2.013670
1922 -1.983599 -1.992063
1924 -1.962051 -1.970026
1926 -1.940079 -1.947563
1928 -1.917686 -1.924678
1930 -1.894878 -1.901376
1932 -1.871658 -1.877662
1934 -1.848030 -1.853539
1936 -1.824001 -1.829012
1938 -1.799573 -1.804086
1940 -1.774752 -1.778767
1942 -1.749542 -1.753058
1944 -1.723949 -1.726966
1946 -1.697978 -1.700495
1948 -1.671634 -1.673651
1950 -1.644921 -1.646439
1952 -1.617847 -1.618865
1954 -1.590415 -1.590935
1956 -1.562633 -1.562654
1958 -1.534504 -1.534028
1960 -1.506036 -1.505063
1962 -1.477234 -1.475765
1964 -1.448105 -1.446140
1966 -1.418653 -1.416195
1968 -1.388886 -1.385936
1970 -1.358810 -1.355369
1972 -1.328430 -1.324501
1974 -1.297754 -1.293338
1976 -1.266789 -1.261888
1978 -1.235540 -1.230156
1980 -1.204014 -1.198151
1982 -1.172218 -1.165877
1984 -1.140160 -1.133344
1986 -1.107845 -1.100557
1988 -1.075281 -1.067525
1990 -1.042476 -1.034253
1992 -1.009435 -1.000750
1994 -0.976167 -0.967023
1996 -0.942679 -0.933079
1998 -0.908977 -0.898925
2000 -0.875070 -0.864570
2002 -0.840965 -0.830021
2004 -0.806669 -0.795286
2006 -0.772191 -0.760371
2008 -0.737536 -0.725286
2010 -0.702714 -0.690037
2012 -0.667732 -0.654634
2014 -0.632598 -0.619083
2016 -0.597319 -0.583392
2018 -0.561904 -0.547570
2020 -0.526359 -0.511625
2022 -0.490695 -0.475564
2024 -0.454917 -0.439396
2026 -0.419034 -0.403129
2028 -0.383055 -0.366771
2030 -0.346987 -0.330331
2032 -0.310838 -0.293815
2034 -0.274617 -0.257234
2036 -0.238331 -0.220594
2038 -0.201989 -0.183904
2040 -0.165599 -0.147173
2042 -0.129169 -0.110409
2044 -0.092707 -0.073620
2046 -0.056222 -0.036814
2048 -0.019721 -0.000000
2050 0.016787 0.036814
2052 0.053294 0.073620
2054 0.089791 0.110409
2056 0.126272 0.147173
2058 0.162726 0.183904
2060 0.199147 0.220594
2062 0.235526 0.257234
2064 0.271855 0.293815
2066 0.308125 0.330331
2068 0.344329 0.366771
2070 0.380459 0.403129
2072 0.416505 0.439396
2074 0.452461 0.475564
2076 0.488319 0.511625
2078 0.524069 0.547570
2080 0.559705 0.583392
2082 0.595218 0.619083
2084 0.630600 0.654634
2086 0.665844 0.690037
2088 0.700941 0.725286
2090 0.735884 0.760371
2092 0.770666 0.795286
2094 0.805277 0.830021
2096 0.839712 0.864570
2098 0.873961 0.898925
2100 0.908019 0.933079
2102 0.941876 0.967023
2104 0.975526 1.000750
2106 1.008961 1.034253
2108 1.042174 1.067525
2110 1.075157 1.100557
2112 1.107905 1.133344
2114 1.140408 1.165877
2116 1.172661 1.198151
2118 1.204656 1.230156
2120 1.236387 1.261888
2122 1.267846 1.293338
2124 1.299027 1.324501
2126 1.329923 1.355369
2128 1.360528 1.385936
2130 1.390835 1.416195
2132 1.420838 1.446140
2134 1.450530 1.475765
2136 1.479905 1.505063
2138 1.508956 1.534028
2140 1.537679 1.562654
2142 1.566067 1.590935
2144 1.594113 1.618865
2146 1.621813 1.646439
2148 1.649161 1.673651
2150 1.676150 1.700495
2152 1.702776 1.726966
2154 1.729033 1.753058
2156 1.754916 1.778767
2158 1.780420 1.804086
2160 1.805539 1.829012
2162 1.830269 1.853539
2164 1.854605 1.877662
2166 1.878542 1.901376
2168 1.902075 1.924678
2170 1.925201 1.947563
2172 1.947914 1.970026
2174 1.970211 1.992063
2176 1.992087 2.013670
2178 2.013538 2.034843
2180 2.034561 2.055578
2182 2.055151 2.075872
2184 2.075305 2.095721
2186 2.095019 2.115121
2188 2.114290 2.134069
2190 2.133115 2.152562
2192 2.151490 2.170597
2194 2.169413 2.188170
2196 2.186880 2.205280
2198 2.203889 2.221923
2200 2.220436 2.238097
2202 2.236521 2.253798
2204 2.252139 2.269026
2206 2.267290 2.283778
2208 2.281970 2.298051
2210 2.296178 2.311844
2212 2.309911 2.325155
2214 2.323169 2.337983
2216 2.335949 2.350326
2218 2.348250 2.362182
2220 2.360071 2.373550
2222 2.371410 2.384430
2224 2.382267 2.394819
2226 2.392639 2.404719
2228 2.402528 2.414127
2230 2.411931 2.423043
2232 2.420848 2.431466
2234 2.429280 2.439398
2236 2.437225 2.446836
2238 2.444683 2.453782
2240 2.451655 2.460235
2242 2.458141 2.466196
2244 2.464140 2.471665
2246 2.469653 2.476642
2248 2.474681 2.481128
2250 2.479225 2.485125
2252 2.483284 2.488632
2254 2.486860 2.491651
2256 2.489955 2.494184
2258 2.492568 2.496231
2260 2.494703 2.497793
2262 2.496359 2.498873
2264 2.497538 2.499473
2266 2.498242 2.499593
2268 2.498474 2.499236
2270 2.498234 2.498404
2272 2.497525 2.497100
2274 2.496350 2.495325
2276 2.494709 2.493082
2278 2.492606 2.490374
2280 2.490044 2.487203
2282 2.487025 2.483572
2284 2.483551 2.479485
2286 2.479626 2.474943
2288 2.475253 2.469951
2290 2.470434 2.464512
2292 2.465174 2.458629
2294 2.459475 2.452305
2296 2.453341 2.445545
2298 2.446775 2.438352
2300 2.439782 2.430729
2302 2.432364 2.422682
2304 2.424527 2.414214
2306 2.416273 2.405328
2308 2.407607 2.396031
2310 2.398534 2.386325
2312 2.389057 2.376215
2314 2.379181 2.365707
2316 2.368911 2.354804
2318 2.358250 2.343512
2320 2.347205 2.331835
2322 2.335779 2.319779
2324 2.323978 2.307348
2326 2.311806 2.294547
2328 2.299269 2.281383
2330 2.286372 2.267860
2332 2.273120 2.253983
2334 2.259518 2.239759
2336 2.245572 2.225192
2338 2.231288 2.210289
2340 2.216670 2.195056
2342 2.201725 2.179497
2344 2.186458 2.163619
2346 2.170875 2.147428
2348 2.154982 2.130930
2350 2.138784 2.114131
2352 2.122289 2.097038
2354 2.105502 2.079656
2356 2.088428 2.061991
2358 2.071075 2.044051
2360 2.053449 2.025842
2362 2.035555 2.007369
2364 2.017400 1.988640
2366 1.998991 1.969661
2368 1.980334 1.950439
2370 1.961435 1.930981
2372 1.942301 1.911293
2374 1.922940 1.891381
2376 1.903356 1.871254
2378 1.883557 1.850916
2380 1.863550 1.830377
2382 1.843342 1.809642
2384 1.822939 1.788718
2386 1.802348 1.767612
2388 1.781576 1.746331
2390 1.760629 1.724883
2392 1.739515 1.703274
2394 1.718241 1.681512
2396 1.696813 1.659603
2398 1.675239 1.637554
2400 1.653525 1.615374
2402 1.631679 1.593068
2404 1.609706 1.570644
2406 1.587616 1.548109
2408 1.565413 1.525470
2410 1.543107 1.502734
2412 1.520702 1.479910
2414 1.498207 1.457002
2416 1.475628 1.434020
2418 1.452973 1.410969
2420 1.430249 1.387857
2422 1.407461 1.364692
2424 1.384618 1.341479
2426 1.361727 1.318227
2428 1.338794 1.294942
2430 1.315826 1.271632
2432 1.292830 1.248303
2434 1.269813 1.224962
2436 1.246782 1.201617
2438 1.223744 1.178274
2440 1.200706 1.154940
2442 1.177674 1.131623
2444 1.154655 1.108328
2446 1.131656 1.085063
2448 1.108683 1.061835
2450 1.085743 1.038649
2452 1.062844 1.015514
2454 1.039990 0.992435
2456 1.017189 0.969419
2458 0.994448 0.946473
2460 0.971772 0.923603
2462 0.949168 0.900816
2464 0.926643 0.878117
2466 0.904202 0.855514
2468 0.881852 0.833012
2470 0.859599 0.810618
2472 0.837449 0.788338
2474 0.815408 0.766178
2476 0.793482 0.744144
2478 0.771677 0.722241
2480 0.749999 0.700477
2482 0.728454 0.678856
2484 0.707046 0.657384
2486 0.685783 0.636067
2488 0.664669 0.614911
2490 0.643709 0.593920
2492 0.622910 0.573101
2494 0.602277 0.552459
2496 0.581814 0.531999
2498 0.561528 0.511726
2500 0.541422 0.491645
2502 0.521503 0.471762
2504 0.501774 0.452081
2506 0.482242 0.432606
2508 0.462909 0.413344
2510 0.443782 0.394297
2512 0.424865 0.375472
2514 0.406162 0.356872
2516 0.387677 0.338502
2518 0.369415 0.320365
2520 0.351380 0.302467
2522 0.333577 0.284811
2524 0.316008 0.267401
2526 0.298678 0.250241
2528 0.281591 0.233335
2530 0.264751 0.216686
2532 0.248160 0.200298
2534 0.231823 0.184175
2536 0.215743 0.168319
2538 0.199923 0.152734
2540 0.184367 0.137423
2542 0.169076 0.122390
2544 0.154056 0.107636
2546 0.139307 0.093165
2548 0.124834 0.078980
2550 0.110638 0.065083
2552 0.096722 0.051476
2554 0.083089 0.038162
2556 0.069741 0.025144
2558 0.056680 0.012422
2560 0.043908 0.000000
2562 0.031428 -0.012121
2564 0.019240 -0.023939
2566 0.007348 -0.035452
2568 -0.004248 -0.046659
2570 -0.015546 -0.057559
2572 -0.026545 -0.068149
2574 -0.037242 -0.078429
2576 -0.047638 -0.088398
2578 -0.057730 -0.098055
2580 -0.067519 -0.107398
2582 -0.077002 -0.116427
2584 -0.086180 -0.125142
2586 -0.095051 -0.133542
2588 -0.103615 -0.141626
2590 -0.111872 -0.149394
2592 -0.119822 -0.156846
2594 -0.127463 -0.163982
2596 -0.134797 -0.170802
2598 -0.141822 -0.177305
2600 -0.148540 -0.183493
2602 -0.154950 -0.189366
2604 -0.161053 -0.194924
2606 -0.166849 -0.200168
2608 -0.172339 -0.205097
2610 -0.177523 -0.209715
2612 -0.182402 -0.214020
2614 -0.186978 -0.218014
2616 -0.191251 -0.221699
2618 -0.195222 -0.225076
2620 -0.198892 -0.228145
2622 -0.202263 -0.230908
2624 -0.205336 -0.233368
2626 -0.208113 -0.235525
2628 -0.210595 -0.237381
2630 -0.212784 -0.238939
2632 -0.214681 -0.240199
2634 -0.216290 -0.241165
2636 -0.217611 -0.241839
2638 -0.218646 -0.242222
2640 -0.219399 -0.242317
2642 -0.219871 -0.242126
2644 -0.220065 -0.241653
2646 -0.219983 -0.240899
2648 -0.219627 -0.239867
2650 -0.219001 -0.238561
2652 -0.218107 -0.236983
2654 -0.216947 -0.235136
2656 -0.215526 -0.233023
2658 -0.213846 -0.230648
2660 -0.211909 -0.228013
2662 -0.209720 -0.225123
2664 -0.207281 -0.221979
2666 -0.204595 -0.218587
2668 -0.201667 -0.214949
2670 -0.198499 -0.211070
2672 -0.195096 -0.206952
2674 -0.191460 -0.202600
2676 -0.187596 -0.198018
2678 -0.183507 -0.193209
2680 -0.179197 -0.188177
2682 -0.174671 -0.182928
2684 -0.169931 -0.177464
2686 -0.164982 -0.171790
2688 -0.159829 -0.165911
2690 -0.154474 -0.159830
2692 -0.148924 -0.153552
2694 -0.143181 -0.147082
2696 -0.137250 -0.140423
2698 -0.131136 -0.133581
2700 -0.124842 -0.126561
2702 -0.118374 -0.119366
2704 -0.111737 -0.112001
2706 -0.104933 -0.104472
2708 -0.097969 -0.096783
2710 -0.090849 -0.088939
2712 -0.083578 -0.080945
2714 -0.076160 -0.072806
2716 -0.068599 -0.064526
2718 -0.060902 -0.056111
2720 -0.053073 -0.047565
2722 -0.045117 -0.038895
2724 -0.037038 -0.030104
2726 -0.028842 -0.021198
2728 -0.020533 -0.012183
2730 -0.012117 -0.003062
2732 -0.003598 0.006157
2734 0.005018 0.015472
2736 0.013726 0.024875
2738 0.022522 0.034362
2740 0.031399 0.043928
2742 0.040354 0.053568
2744 0.049381 0.063275
2746 0.058474 0.073045
2748 0.067629 0.082873
2750 0.076841 0.092753
2752 0.086104 0.102680
2754 0.095413 0.112649
2756 0.104764 0.122655
2758 0.114150 0.132691
2760 0.123568 0.142754
2762 0.133011 0.152837
2764 0.142474 0.162935
2766 0.151954 0.173044
2768 0.161443 0.183157
2770 0.170939 0.193270
2772 0.180434 0.203378
2774 0.189925 0.213475
2776 0.199406 0.223556
2778 0.208872 0.233617
2780 0.218318 0.243651
2782 0.227740 0.253655
2784 0.237132 0.263622
2786 0.246490 0.273548
2788 0.255808 0.283428
2790 0.265082 0.293257
2792 0.274307 0.303030
2794 0.283478 0.312742
2796 0.292591 0.322389
2798 0.301641 0.331965
2800 0.310623 0.341466
2802 0.319532 0.350887
2804 0.328364 0.360223
2806 0.337115 0.369471
2808 0.345780 0.378624
2810 0.354355 0.387680
2812 0.362835 0.396633
2814 0.371216 0.405479
2816 0.379493 0.414214
2818 0.387664 0.422833
2820 0.395722 0.431332
2822 0.403665 0.439707
2824 0.411488 0.447954
2826 0.419187 0.456069
2828 0.426759 0.464048
2830 0.434199 0.471887
2832 0.441504 0.479582
2834 0.448670 0.487129
2836 0.455694 0.494526
2838 0.462571 0.501767
2840 0.469299 0.508850
2842 0.475874 0.515771
2844 0.482292 0.522527
2846 0.488551 0.529114
2848 0.494647 0.535529
2850 0.500576 0.541770
2852 0.506337 0.547832
2854 0.511926 0.553713
2856 0.517339 0.559410
2858 0.522575 0.564920
2860 0.527631 0.570241
2862 0.532503 0.575369
2864 0.537189 0.580303
2866 0.541688 0.585039
2868 0.545996 0.589576
2870 0.550111 0.593910
2872 0.554030 0.598040
2874 0.557753 0.601964
2876 0.561276 0.605679
2878 0.564598 0.609184
2880 0.567716 0.612476
2882 0.570630 0.615554
2884 0.573337 0.618417
2886 0.575836 0.621062
2888 0.578125 0.623488
2890 0.580203 0.625694
2892 0.582068 0.627678
2894 0.583720 0.629439
2896 0.585156 0.630977
2898 0.586377 0.632289
2900 0.587380 0.633376
2902 0.588166 0.634236
2904 0.588733 0.634868
2906 0.589081 0.635273
2908 0.589209 0.635448
2910 0.589117 0.635395
2912 0.588804 0.635112
2914 0.588269 0.634599
2916 0.587514 0.633857
2918 0.586537 0.632884
2920 0.585338 0.631681
2922 0.583919 0.630249
2924 0.582277 0.628587
2926 0.580415 0.626696
2928 0.578333 0.624576
2930 0.576030 0.622227
2932 0.573507 0.619651
2934 0.570765 0.616848
2936 0.567805 0.613818
2938 0.564628 0.610563
2940 0.561234 0.607084
2942 0.557624 0.603381
2944 0.553799 0.599456
2946 0.549761 0.595310
2948 0.545511 0.590945
2950 0.541050 0.586361
2952 0.536380 0.581560
2954 0.531502 0.576545
2956 0.526417 0.571316
2958 0.521128 0.565875
2960 0.515636 0.560225
2962 0.509943 0.554367
2964 0.504051 0.548303
2966 0.497963 0.542036
2968 0.491679 0.535567
2970 0.485202 0.528899
2972 0.478535 0.522035
2974 0.471680 0.514976
2976 0.464639 0.507725
2978 0.457415 0.500285
2980 0.450010 0.492658
2982 0.442427 0.484848
2984 0.434669 0.476857
2986 0.426738 0.468688
2988 0.418638 0.460344
2990 0.410371 0.451828
2992 0.401940 0.443142
2994 0.393349 0.434292
2996 0.384600 0.425278
2998 0.375696 0.416106
3000 0.366642 0.406778
3002 0.357440 0.397297
3004 0.348093 0.387668
3006 0.338606 0.377893
3008 0.328981 0.367977
3010 0.319222 0.357923
3012 0.309333 0.347735
3014 0.299317 0.337416
3016 0.289178 0.326970
3018 0.278920 0.316402
3020 0.268547 0.305715
3022 0.258063 0.294913
3024 0.247470 0.284001
3026 0.236775 0.272982
3028 0.225979 0.261860
3030 0.215088 0.250640
3032 0.204105 0.239326
3034 0.193035 0.227921
3036 0.181882 0.216431
3038 0.170649 0.204860
3040 0.159342 0.193211
3042 0.147964 0.181490
3044 0.136520 0.169701
3046 0.125013 0.157848
3048 0.113449 0.145935
3050 0.101832 0.133968
3052 0.090165 0.121950
3054 0.078454 0.109886
3056 0.066703 0.097781
3058 0.054916 0.085639
3060 0.043097 0.073465
3062 0.031252 0.061263
3064 0.019384 0.049038
3066 0.007498 0.036795
3068 -0.004401 0.024538
3070 -0.016309 0.012271
3072 -0.028222 0.000000
3074 -0.040135 -0.012271
3076 -0.052043 -0.024538
3078 -0.063942 -0.036795
3080 -0.075827 -0.049038
3082 -0.087695 -0.061263
3084 -0.099540 -0.073465
3086 -0.111358 -0.085639
3088 -0.123144 -0.097781
3090 -0.134895 -0.109886
3092 -0.146605 -0.121950
3094 -0.158270 -0.133968
3096 -0.169887 -0.145935
3098 -0.181449 -0.157848
3100 -0.192954 -0.169701
3102 -0.204396 -0.181490
3104 -0.215772 -0.193211
3106 -0.227077 -0.204860
3108 -0.238307 -0.216431
3110 -0.249457 -0.227921
3112 -0.260523 -0.239326
3114 -0.271502 -0.250640
3116 -0.282389 -0.261860
3118 -0.293179 -0.272982
3120 -0.303870 -0.284001
3122 -0.314456 -0.294913
3124 -0.324934 -0.305715
3126 -0.335300 -0.316402
3128 -0.345550 -0.326970
3130 -0.355680 -0.337416
3132 -0.365687 -0.347735
3134 -0.375565 -0.357923
3136 -0.385313 -0.367977
3138 -0.394926 -0.377893
3140 -0.404401 -0.387668
3142 -0.413733 -0.397297
3144 -0.422921 -0.406778
3146 -0.431959 -0.416106
3148 -0.440845 -0.425278
3150 -0.449575 -0.434292
3152 -0.458147 -0.443142
3154 -0.466556 -0.451828
3156 -0.474801 -0.460344
3158 -0.482877 -0.468688
3160 -0.490782 -0.476857
3162 -0.498513 -0.484848
3164 -0.506066 -0.492658
3166 -0.513440 -0.500285
3168 -0.520632 -0.507725
3170 -0.527639 -0.514976
3172 -0.534458 -0.522035
3174 -0.541086 -0.528899
3176 -0.547522 -0.535567
3178 -0.553764 -0.542036
3180 -0.559808 -0.548303
3182 -0.565653 -0.554367
3184 -0.571296 -0.560225
3186 -0.576736 -0.565875
3188 -0.581971 -0.571316
3190 -0.586998 -0.576545
3192 -0.591817 -0.581560
3194 -0.596425 -0.586361
3196 -0.600820 -0.590945
3198 -0.605002 -0.595310
3200 -0.608969 -0.599456
3202 -0.612719 -0.603381
3204 -0.616252 -0.607084
3206 -0.619565 -0.610563
3208 -0.622659 -0.613818
3210 -0.625532 -0.616848
3212 -0.628183 -0.619651
3214 -0.630612 -0.622227
3216 -0.632817 -0.624576
3218 -0.634798 -0.626696
3220 -0.636555 -0.628587
3222 -0.638087 -0.630249
3224 -0.639394 -0.631681
3226 -0.640476 -0.632884
3228 -0.641332 -0.633857
3230 -0.641963 -0.634599
3232 -0.642368 -0.635112
3234 -0.642547 -0.635395
3236 -0.642502 -0.635448
3238 -0.642231 -0.635273
3240 -0.641737 -0.634868
3242 -0.641018 -0.634236
3244 -0.640076 -0.633376
3246 -0.638912 -0.632289
3248 -0.637525 -0.630977
3250 -0.635918 -0.629439
3252 -0.634091 -0.627678
3254 -0.632045 -0.625694
3256 -0.629782 -0.623488
3258 -0.627302 -0.621062
3260 -0.624607 -0.618417
3262 -0.621698 -0.615554
3264 -0.618578 -0.612476
3266 -0.615247 -0.609184
3268 -0.611707 -0.605679
3270 -0.607961 -0.601964
3272 -0.604009 -0.598040
3274 -0.599855 -0.593910
3276 -0.595499 -0.589576
3278 -0.590945 -0.585039
3280 -0.586195 -0.580303
3282 -0.581250 -0.575369
3284 -0.576114 -0.570241
3286 -0.570788 -0.564920
3288 -0.565276 -0.559410
3290 -0.559580 -0.553713
3292 -0.553703 -0.547832
3294 -0.547648 -0.541770
3296 -0.541417 -0.535529
3298 -0.535014 -0.529114
3300 -0.528441 -0.522527
3302 -0.521703 -0.515771
3304 -0.514801 -0.508850
3306 -0.507740 -0.501767
3308 -0.500523 -0.494526
3310 -0.493153 -0.487129
3312 -0.485634 -0.479582
3314 -0.477970 -0.471887
3316 -0.470163 -0.464048
3318 -0.462219 -0.456069
3320 -0.454140 -0.447954
3322 -0.445930 -0.439707
3324 -0.437594 -0.431332
3326 -0.429136 -0.422833
3328 -0.420559 -0.414214
3330 -0.411868 -0.405479
3332 -0.403067 -0.396633
3334 -0.394160 -0.387680
3336 -0.385151 -0.378624
3338 -0.376045 -0.369471
3340 -0.366846 -0.360223
3342 -0.357559 -0.350887
3344 -0.348188 -0.341466
3346 -0.338738 -0.331965
3348 -0.329213 -0.322389
3350 -0.319617 -0.312742
3352 -0.309957 -0.303030
3354 -0.300236 -0.293257
3356 -0.290459 -0.283428
3358 -0.280631 -0.273548
3360 -0.270757 -0.263622
3362 -0.260842 -0.253655
3364 -0.250890 -0.243651
3366 -0.240907 -0.233617
3368 -0.230897 -0.223556
3370 -0.220866 -0.213475
3372 -0.210819 -0.203378
3374 -0.200760 -0.193270
3376 -0.190695 -0.183157
3378 -0.180628 -0.173044
3380 -0.170566 -0.162935
3382 -0.160512 -0.152837
3384 -0.150473 -0.142754
3386 -0.140453 -0.132691
3388 -0.130458 -0.122655
3390 -0.120493 -0.112649
3392 -0.110562 -0.102680
3394 -0.100671 -0.092753
3396 -0.090826 -0.082873
3398 -0.081031 -0.073045
3400 -0.071292 -0.063275
3402 -0.061614 -0.053568
3404 -0.052002 -0.043928
3406 -0.042461 -0.034362
3408 -0.032997 -0.024875
3410 -0.023614 -0.015472
3412 -0.014318 -0.006157
3414 -0.005114 0.003062
3416 0.003993 0.012183
3418 0.012998 0.021198
3420 0.021895 0.030104
3422 0.030681 0.038895
3424 0.039349 0.047565
3426 0.047895 0.056111
3428 0.056313 0.064526
3430 0.064599 0.072806
3432 0.072748 0.080945
3434 0.080755 0.088939
3436 0.088615 0.096783
3438 0.096323 0.104472
3440 0.103874 0.112001
3442 0.111264 0.119366
3444 0.118489 0.126561
3446 0.125542 0.133581
3448 0.132420 0.140423
3450 0.139119 0.147082
3452 0.145633 0.153552
3454 0.151958 0.159830
3456 0.158090 0.165911
3458 0.164025 0.171790
3460 0.169757 0.177464
3462 0.175284 0.182928
3464 0.180600 0.188177
3466 0.185702 0.193209
3468 0.190585 0.198018
3470 0.195246 0.202600
3472 0.199681 0.206952
3474 0.203886 0.211070
3476 0.207857 0.214949
3478 0.211590 0.218587
3480 0.215081 0.221979
3482 0.218328 0.225123
3484 0.221327 0.228013
3486 0.224074 0.230648
3488 0.226565 0.233023
3490 0.228799 0.235136
3492 0.230771 0.236983
3494 0.232479 0.238561
3496 0.233919 0.239867
3498 0.235088 0.240899
3500 0.235985 0.241653
3502 0.236605 0.242126
3504 0.236947 0.242317
3506 0.237007 0.242222
3508 0.236784 0.241839
3510 0.236275 0.241165
3512 0.235478 0.240199
3514 0.234390 0.238939
3516 0.233010 0.237381
3518 0.231336 0.235525
3520 0.229365 0.233368
3522 0.227095 0.230908
3524 0.224526 0.228145
3526 0.221656 0.225076
3528 0.218483 0.221699
3530 0.215005 0.218014
3532 0.211222 0.214020
3534 0.207132 0.209715
3536 0.202735 0.205097
3538 0.198029 0.200168
3540 0.193013 0.194924
3542 0.187687 0.189366
3544 0.182051 0.183493
3546 0.176102 0.177305
3548 0.169842 0.170802
3550 0.163270 0.163982
3552 0.156386 0.156846
3554 0.149189 0.149394
3556 0.141679 0.141626
3558 0.133858 0.133542
3560 0.125724 0.125142
3562 0.117279 0.116427
3564 0.108523 0.107398
3566 0.099457 0.098055
3568 0.090080 0.088398
3570 0.080394 0.078429
3572 0.070401 0.068149
3574 0.060100 0.057559
3576 0.049493 0.046659
3578 0.038582 0.035452
3580 0.027368 0.023939
3582 0.015851 0.012121
3584 0.004035 0.000000
3586 -0.008080 -0.012422
3588 -0.020491 -0.025144
3590 -0.033197 -0.038162
3592 -0.046196 -0.051476
3594 -0.059485 -0.065083
3596 -0.073063 -0.078980
3598 -0.086926 -0.093165
3600 -0.101073 -0.107636
3602 -0.115500 -0.122390
3604 -0.130205 -0.137423
3606 -0.145186 -0.152734
3608 -0.160439 -0.168319
3610 -0.175961 -0.184175
3612 -0.191749 -0.200298
3614 -0.207800 -0.216686
3616 -0.224111 -0.233335
3618 -0.240678 -0.250241
3620 -0.257497 -0.267401
3622 -0.274565 -0.284811
3624 -0.291878 -0.302467
3626 -0.309433 -0.320365
3628 -0.327224 -0.338502
3630 -0.345249 -0.356872
3632 -0.363504 -0.375472
3634 -0.381983 -0.394297
3636 -0.400682 -0.413344
3638 -0.419598 -0.432606
3640 -0.438725 -0.452081
3642 -0.458059 -0.471762
3644 -0.477595 -0.491645
3646 -0.497329 -0.511726
3648 -0.517255 -0.531999
3650 -0.537369 -0.552459
3652 -0.557665 -0.573101
3654 -0.578139 -0.593920
3656 -0.598785 -0.614911
3658 -0.619598 -0.636067
3660 -0.640572 -0.657384
3662 -0.661702 -0.678856
3664 -0.682982 -0.700477
3666 -0.704408 -0.722241
3668 -0.725972 -0.744144
3670 -0.747670 -0.766178
3672 -0.769496 -0.788338
3674 -0.791443 -0.810618
3676 -0.813506 -0.833012
3678 -0.835679 -0.855514
3680 -0.857955 -0.878117
3682 -0.880329 -0.900816
3684 -0.902794 -0.923603
3686 -0.925344 -0.946473
3688 -0.947973 -0.969419
3690 -0.970674 -0.992435
3692 -0.993441 -1.015514
3694 -1.016268 -1.038649
3696 -1.039147 -1.061835
3698 -1.062073 -1.085063
3700 -1.085038 -1.108328
3702 -1.108036 -1.131623
3704 -1.131061 -1.154940
3706 -1.154106 -1.178274
3708 -1.177163 -1.201617
3710 -1.200227 -1.224962
3712 -1.223289 -1.248303
3714 -1.246345 -1.271632
3716 -1.269385 -1.294942
3718 -1.292405 -1.318227
3720 -1.315395 -1.341479
3722 -1.338351 -1.364692
3724 -1.361264 -1.387857
3726 -1.384129 -1.410969
3728 -1.406936 -1.434020
3730 -1.429681 -1.457002
3732 -1.452355 -1.479910
3734 -1.474952 -1.502734
3736 -1.497464 -1.525470
3738 -1.519885 -1.548109
3740 -1.542208 -1.570644
3742 -1.564425 -1.593068
3744 -1.586529 -1.615374
3746 -1.608514 -1.637554
3748 -1.630372 -1.659603
3750 -1.652096 -1.681512
3752 -1.673680 -1.703274
3754 -1.695116 -1.724883
3756 -1.716397 -1.746331
3758 -1.737516 -1.767612
3760 -1.758467 -1.788718
3762 -1.779243 -1.809642
3764 -1.799836 -1.830377
3766 -1.820240 -1.850916
3768 -1.840447 -1.871254
3770 -1.860452 -1.891381
3772 -1.880247 -1.911293
3774 -1.899826 -1.930981
3776 -1.919181 -1.950439
3778 -1.938307 -1.969661
3780 -1.957196 -1.988640
3782 -1.975843 -2.007369
3784 -1.994240 -2.025842
3786 -2.012381 -2.044051
3788 -2.030259 -2.061991
3790 -2.047869 -2.079656
3792 -2.065204 -2.097038
3794 -2.082257 -2.114131
3796 -2.099023 -2.130930
3798 -2.115495 -2.147428
3800 -2.131667 -2.163619
3802 -2.147534 -2.179497
3804 -2.163089 -2.195056
3806 -2.178327 -2.210289
3808 -2.193241 -2.225192
3810 -2.207826 -2.239759
3812 -2.222076 -2.253983
3814 -2.235986 -2.267860
3816 -2.249550 -2.281383
3818 -2.262763 -2.294547
3820 -2.275619 -2.307348
3822 -2.288114 -2.319779
3824 -2.300241 -2.331835
3826 -2.311997 -2.343512
3828 -2.323375 -2.354804
3830 -2.334372 -2.365707
3832 -2.344982 -2.376215
3834 -2.355200 -2.386325
3836 -2.365022 -2.396031
3838 -2.374444 -2.405328
3840 -2.383461 -2.414214
3842 -2.392068 -2.422682
3844 -2.400263 -2.430729
3846 -2.408039 -2.438352
3848 -2.415394 -2.445545
3850 -2.422323 -2.452305
3852 -2.428823 -2.458629
3854 -2.434891 -2.464512
3856 -2.440521 -2.469951
3858 -2.445712 -2.474943
3860 -2.450459 -2.479485
3862 -2.454760 -2.483572
3864 -2.458611 -2.487203
3866 -2.462010 -2.490374
3868 -2.464953 -2.493082
3870 -2.467438 -2.495325
3872 -2.469462 -2.497100
3874 -2.471022 -2.498404
3876 -2.472117 -2.499236
3878 -2.472743 -2.499593
3880 -2.472900 -2.499473
3882 -2.472584 -2.498873
3884 -2.471794 -2.497793
3886 -2.470528 -2.496231
3888 -2.468784 -2.494184
3890 -2.466561 -2.491651
3892 -2.463858 -2.488632
3894 -2.460673 -2.485125
3896 -2.457006 -2.481128
3898 -2.452854 -2.476642
3900 -2.448218 -2.471665
3902 -2.443096 -2.466196
3904 -2.437488 -2.460235
3906 -2.431394 -2.453782
3908 -2.424813 -2.446836
3910 -2.417744 -2.439398
3912 -2.410189 -2.431466
3914 -2.402146 -2.423043
3916 -2.393617 -2.414127
3918 -2.384600 -2.404719
3920 -2.375098 -2.394819
3922 -2.365110 -2.384430
3924 -2.354638 -2.373550
3926 -2.343681 -2.362182
3928 -2.332242 -2.350326
3930 -2.320320 -2.337983
3932 -2.307918 -2.325155
3934 -2.295037 -2.311844
3936 -2.281678 -2.298051
3938 -2.267843 -2.283778
3940 -2.253533 -2.269026
3942 -2.238752 -2.253798
3944 -2.223500 -2.238097
3946 -2.207780 -2.221923
3948 -2.191594 -2.205280
3950 -2.174945 -2.188170
3952 -2.157835 -2.170597
3954 -2.140267 -2.152562
3956 -2.122244 -2.134069
3958 -2.103769 -2.115121
3960 -2.084844 -2.095721
3962 -2.065473 -2.075872
3964 -2.045660 -2.055578
3966 -2.025408 -2.034843
3968 -2.004719 -2.013670
3970 -1.983599 -1.992063
3972 -1.962051 -1.970026
3974 -1.940079 -1.947563
3976 -1.917686 -1.924678
3978 -1.894878 -1.901376
3980 -1.871658 -1.877662
3982 -1.848030 -1.853539
3984 -1.824001 -1.829012
3986 -1.799573 -1.804086
3988 -1.774752 -1.778767
3990 -1.749542 -1.753058
3992 -1.723949 -1.726966
3994 -1.697978 -1.700495
3996 -1.671634 -1.673651
3998 -1.644921 -1.646439
4000 -1.617847 -1.618865
4002 -1.590415 -1.590935
4004 -1.562633 -1.562654
4006 -1.534504 -1.534028
4008 -1.506036 -1.505063
4010 -1.477234 -1.475765
4012 -1.448105 -1.446140
4014 -1.418653 -1.416195
4016 -1.388886 -1.385936
4018 -1.358810 -1.355369
4020 -1.328430 -1.324501
4022 -1.297754 -1.293338
4024 -1.266789 -1.261888
4026 -1.235540 -1.230156
4028 -1.204014 -1.198151
4030 -1.172218 -1.165877
4032 -1.140160 -1.133344
4034 -1.107845 -1.100557
4036 -1.075281 -1.067525
4038 -1.042476 -1.034253
4040 -1.009435 -1.000750
4042 -0.976167 -0.967023
4044 -0.942679 -0.933079
4046 -0.908977 -0.898925
4048 -0.875070 -0.864570
4050 -0.840965 -0.830021
4052 -0.806669 -0.795286
4054 -0.772191 -0.760371
4056 -0.737536 -0.725286
4058 -0.702714 -0.690037
4060 -0.667732 -0.654634
4062 -0.632598 -0.619083
4064 -0.597319 -0.583392
4066 -0.561904 -0.547570
4068 -0.526359 -0.511625
4070 -0.490695 -0.475564
4072 -0.454917 -0.439396
4074 -0.419034 -0.403129
4076 -0.383055 -0.366771
4078 -0.346987 -0.330331
4080 -0.310838 -0.293815
4082 -0.274617 -0.257234
4084 -0.238331 -0.220594
4086 -0.201989 -0.183904
4088 -0.165599 -0.147173
4090 -0.129169 -0.110409
4092 -0.092707 -0.073620
4094 -0.056222 -0.036814
4096 -0.019721 -0.000000
4098 0.016787 0.036814
4100 0.053294 0.073620
4102 0.089791 0.110409
4104 0.126272 0.147173
4106 0.162726 0.183904
4108 0.199147 0.220594
4110 0.235526 0.257234
4112 0.271855 0.293815
4114 0.308125 0.330331
4116 0.344329 0.366771
4118 0.380459 0.403129
4120 0.416505 0.439396
4122 0.452461 0.475564
4124 0.488319 0.511625
4126 0.524069 0.547570
4128 0.559705 0.583392
4130 0.595218 0.619083
4132 0.630600 0.654634
4134 0.665844 0.690037
4136 0.700941 0.725286
4138 0.735884 0.760371
4140 0.770666 0.795286
4142 0.805277 0.830021
4144 0.839712 0.864570
4146 0.873961 0.898925
4148 0.908019 0.933079
4150 0.941876 0.967023
4152 0.975526 1.000750
4154 1.008961 1.034253
4156 1.042174 1.067525
4158 1.075157 1.100557
4160 1.107905 1.133344
4162 1.140408 1.165877
4164 1.172661 1.198151
4166 1.204656 1.230156
4168 1.236387 1.261888
4170 1.267846 1.293338
4172 1.299027 1.324501
4174 1.329923 1.355369
4176 1.360528 1.385936
4178 1.390835 1.416195
4180 1.420838 1.446140
4182 1.450530 1.475765
4184 1.479905 1.505063
4186 1.508956 1.534028
4188 1.537679 1.562654
4190 1.566067 1.590935
4192 1.594113 1.618865
4194 1.621813 1.646439
4196 1.649161 1.673651
4198 1.676150 1.700495
4200 1.702776 1.726966
4202 1.729033 1.753058
4204 1.754916 1.778767
4206 1.780420 1.804086
4208 1.805539 1.829012
4210 1.830269 1.853539
4212 1.854605 1.877662
4214 1.878542 1.901376
4216 1.902075 1.924678
4218 1.925201 1.947563
4220 1.947914 1.970026
4222 1.970211 1.992063
4224 1.992087 2.013670
4226 2.013538 2.034843
4228 2.034561 2.055578
4230 2.055151 2.075872
4232 2.075305 2.095721
4234 2.095019 2.115121
4236 2.114290 2.134069
4238 2.133115 2.152562
4240 2.151490 2.170597
4242 2.169413 2.188170
4244 2.186880 2.205280
4246 2.203889 2.221923
4248 2.220436 2.238097
4250 2.236521 2.253798
4252 2.252139 2.269026
4254 2.267290 2.283778
4256 2.281970 2.298051
4258 2.296178 2.311844
4260 2.309911 2.325155
4262 2.323169 2.337983
4264 2.335949 2.350326
4266 2.348250 2.362182
4268 2.360071 2.373550
4270 2.371410 2.384430
4272 2.382267 2.394819
4274 2.392639 2.404719
4276 2.402528 2.414127
4278 2.411931 2.423043
4280 2.420848 2.431466
4282 2.429280 2.439398
4284 2.437225 2.446836
4286 2.444683 2.453782
4288 2.451655 2.460235
4290 2.458141 2.466196
4292 2.464140 2.471665
4294 2.469653 2.476642
4296 2.474681 2.481128
4298 2.479225 2.485125
4300 2.483284 2.488632
4302 2.486860 2.491651
4304 2.489955 2.494184
4306 2.492568 2.496231
4308 2.494703 2.497793
4310 2.496359 2.498873
4312 2.497538 2.499473
4314 2.498242 2.499593
4316 2.498474 2.499236
4318 2.498234 2.498404
4320 2.497525 2.497100
4322 2.496350 2.495325
4324 2.494709 2.493082
4326 2.492606 2.490374
4328 2.490044 2.487203
4330 2.487025 2.483572
4332 2.483551 2.479485
4334 2.479626 2.474943
4336 2.475253 2.469951
4338 2.470434 2.464512
4340 2.465174 2.458629
4342 2.459475 2.452305
4344 2.453341 2.445545
4346 2.446775 2.438352
4348 2.439782 2.430729
4350 2.432364 2.422682
4352 2.424527 2.414214
4354 2.416273 2.405328
4356 2.407607 2.396031
4358 2.398534 2.386325
4360 2.389057 2.376215
4362 2.379181 2.365707
4364 2.368911 2.354804
4366 2.358250 2.343512
4368 2.347205 2.331835
4370 2.335779 2.319779
4372 2.323978 2.307348
4374 2.311806 2.294547
4376 2.299269 2.281383
4378 2.286372 2.267860
4380 2.273120 2.253983
4382 2.259518 2.239759
4384 2.245572 2.225192
4386 2.231288 2.210289
4388 2.216670 2.195056
4390 2.201725 2.179497
4392 2.186458 2.163619
4394 2.170875 2.147428
4396 2.154982 2.130930
4398 2.138784 2.114131
4400 2.122289 2.097038
4402 2.105502 2.079656
4404 2.088428 2.061991
4406 2.071075 2.044051
4408 2.053449 2.025842
4410 2.035555 2.007369
4412 2.017400 1.988640
4414 1.998991 1.969661
4416 1.980334 1.950439
4418 1.961435 1.930981
4420 1.942301 1.911293
4422 1.922940 1.891381
4424 1.903356 1.871254
4426 1.883557 1.850916
4428 1.863550 1.830377
4430 1.843342 1.809642
4432 1.822939 1.788718
4434 1.802348 1.767612
4436 1.781576 1.746331
4438 1.760629 1.724883
4440 1.739515 1.703274
4442 1.718241 1.681512
4444 1.696813 1.659603
4446 1.675239 1.637554
4448 1.653525 1.615374
4450 1.631679 1.593068
4452 1.609706 1.570644
4454 1.587616 1.548109
4456 1.565413 1.525470
4458 1.543107 1.502734
4460 1.520702 1.479910
4462 1.498207 1.457002
4464 1.475628 1.434020
4466 1.452973 1.410969
4468 1.430249 1.387857
4470 1.407461 1.364692
4472 1.384618 1.341479
4474 1.361727 1.318227
4476 1.338794 1.294942
4478 1.315826 1.271632
4480 1.292830 1.248303
4482 1.269813 1.224962
4484 1.246782 1.201617
4486 1.223744 1.178274
4488 1.200706 1.154940
4490 1.177674 1.131623
4492 1.154655 1.108328
4494 1.131656 1.085063
4496 1.108683 1.061835
4498 1.085743 1.038649
4500 1.062844 1.015514
4502 1.039990 0.992435
4504 1.017189 0.969419
4506 0.994448 0.946473
4508 0.971772 0.923603
4510 0.949168 0.900816
4512 0.926643 0.878117
4514 0.904202 0.855514
4516 0.881852 0.833012
4518 0.859599 0.810618
4520 0.837449 0.788338
4522 0.815408 0.766178
4524 0.793482 0.744144
4526 0.771677 0.722241
4528 0.749999 0.700477
4530 0.728454 0.678856
4532 0.707046 0.657384
4534 0.685783 0.636067
4536 0.664669 0.614911
4538 0.643709 0.593920
4540 0.622910 0.573101
4542 0.602277 0.552459
4544 0.581814 0.531999
4546 0.561528 0.511726
4548 0.541422 0.491645
4550 0.521503 0.471762
4552 0.501774 0.452081
4554 0.482242 0.432606
4556 0.462909 0.413344
4558 0.443782 0.394297
4560 0.424865 0.375472
4562 0.406162 0.356872
4564 0.387677 0.338502
4566 0.369415 0.320365
4568 0.351380 0.302467
4570 0.333577 0.284811
4572 0.316008 0.267401
4574 0.298678 0.250241
4576 0.281591 0.233335
4578 0.264751 0.216686
4580 0.248160 0.200298
4582 0.231823 0.184175
4584 0.215743 0.168319
4586 0.199923 0.152734
4588 0.184367 0.137423
4590 0.169076 0.122390
4592 0.154056 0.107636
4594 0.139307 0.093165
4596 0.124834 0.078980
4598 0.110638 0.065083
4600 0.096722 0.051476
4602 0.083089 0.038162
4604 0.069741 0.025144
4606 0.056680 0.012422
4608 0.043908 0.000000
4610 0.031428 -0.012121
4612 0.019240 -0.023939
4614 0.007348 -0.035452
4616 -0.004248 -0.046659
4618 -0.015546 -0.057559
4620 -0.026545 -0.068149
4622 -0.037242 -0.078429
4624 -0.047638 -0.088398
4626 -0.057730 -0.098055
4628 -0.067519 -0.107398
4630 -0.077002 -0.116427
4632 -0.086180 -0.125142
4634 -0.095051 -0.133542
4636 -0.103615 -0.141626
4638 -0.111872 -0.149394
4640 -0.119822 -0.156846
4642 -0.127463 -0.163982
4644 -0.134797 -0.170802
4646 -0.141822 -0.177305
4648 -0.148540 -0.183493
4650 -0.154950 -0.189366
4652 -0.161053 -0.194924
4654 -0.166849 -0.200168
4656 -0.172339 -0.205097
4658 -0.177523 -0.209715
4660 -0.182402 -0.214020
4662 -0.186978 -0.218014
4664 -0.191251 -0.221699
4666 -0.195222 -0.225076
4668 -0.198892 -0.228145
4670 -0.202263 -0.230908
4672 -0.205336 -0.233368
4674 -0.208113 -0.235525
4676 -0.210595 -0.237381
4678 -0.212784 -0.238939
4680 -0.214681 -0.240199
4682 -0.216290 -0.241165
4684 -0.217611 -0.241839
4686 -0.218646 -0.242222
4688 -0.219399 -0.242317
4690 -0.219871 -0.242126
4692 -0.220065 -0.241653
4694 -0.219983 -0.240899
4696 -0.219627 -0.239867
4698 -0.219001 -0.238561
4700 -0.218107 -0.236983
4702 -0.216947 -0.235136
4704 -0.215526 -0.233023
4706 -0.213846 -0.230648
4708 -0.211909 -0.228013
4710 -0.209720 -0.225123
4712 -0.207281 -0.221979
4714 -0.204595 -0.218587
4716 -0.201667 -0.214949
4718 -0.198499 -0.211070
4720 -0.195096 -0.206952
4722 -0.191460 -0.202600
4724 -0.187596 -0.198018
4726 -0.183507 -0.193209
4728 -0.179197 -0.188177
4730 -0.174671 -0.182928
4732 -0.169931 -0.177464
4734 -0.164982 -0.171790
4736 -0.159829 -0.165911
4738 -0.154474 -0.159830
4740 -0.148924 -0.153552
4742 -0.143181 -0.147082
4744 -0.137250 -0.140423
4746 -0.131136 -0.133581
4748 -0.124842 -0.126561
4750 -0.118374 -0.119366
4752 -0.111737 -0.112001
4754 -0.104933 -0.104472
4756 -0.097969 -0.096783
4758 -0.090849 -0.088939
4760 -0.083578 -0.080945
4762 -0.076160 -0.072806
4764 -0.068599 -0.064526
4766 -0.060902 -0.056111
4768 -0.053073 -0.047565
4770 -0.045117 -0.038895
4772 -0.037038 -0.030104
4774 -0.028842 -0.021198
4776 -0.020533 -0.012183
4778 -0.012117 -0.003062
4780 -0.003598 0.006157
4782 0.005018 0.015472
4784 0.013726 0.024875
4786 0.022522 0.034362
4788 0.031399 0.043928
4790 0.040354 0.053568
4792 0.049381 0.063275
4794 0.058474 0.073045
4796 0.067629 0.082873
4798 0.076841 0.092753
4800 0.086104 0.102680
4802 0.095413 0.112649
4804 0.104764 0.122655
4806 0.114150 0.132691
4808 0.123568 0.142754
4810 0.133011 0.152837
4812 0.142474 0.162935
4814 0.151954 0.173044
4816 0.161443 0.183157
4818 0.170939 0.193270
4820 0.180434 0.203378
4822 0.189925 0.213475
4824 0.199406 0.223556
4826 0.208872 0.233617
4828 0.218318 0.243651
4830 0.227740 0.253655
4832 0.237132 0.263622
4834 0.246490 0.273548
4836 0.255808 0.283428
4838 0.265082 0.293257
4840 0.274307 0.303030
4842 0.283478 0.312742
4844 0.292591 0.322389
4846 0.301641 0.331965
4848 0.310623 0.341466
4850 0.319532 0.350887
4852 0.328364 0.360223
4854 0.337115 0.369471
4856 0.345780 0.378624
4858 0.354355 0.387680
4860 0.362835 0.396633
4862 0.371216 0.405479
4864 0.379493 0.414214
4866 0.387664 0.422833
4868 0.395722 0.431332
4870 0.403665 0.439707
4872 0.411488 0.447954
4874 0.419187 0.456069
4876 0.426759 0.464048
4878 0.434199 0.471887
4880 0.441504 0.479582
4882 0.448670 0.487129
4884 0.455694 0.494526
4886 0.462571 0.501767
4888 0.469299 0.508850
4890 0.475874 0.515771
4892 0.482292 0.522527
4894 0.488551 0.529114
4896 0.494647 0.535529
4898 0.500576 0.541770
4900 0.506337 0.547832
4902 0.511926 0.553713
4904 0.517339 0.559410
4906 0.522575 0.564920
4908 0.527631 0.570241
4910 0.532503 0.575369
4912 0.537189 0.580303
4914 0.541688 0.585039
4916 0.545996 0.589576
4918 0.550111 0.593910
4920 0.554030 0.598040
4922 0.557753 0.601964
4924 0.561276 0.605679
4926 0.564598 0.609184
4928 0.567716 0.612476
4930 0.570630 0.615554
4932 0.573337 0.618417
4934 0.575836 0.621062
4936 0.578125 0.623488
4938 0.580203 0.625694
4940 0.582068 0.627678
4942 0.583720 0.629439
4944 0.585156 0.630977
4946 0.586377 0.632289
4948 0.587380 0.633376
4950 0.588166 0.634236
4952 0.588733 0.634868
4954 0.589081 0.635273
4956 0.589209 0.635448
4958 0.589117 0.635395
4960 0.588804 0.635112
4962 0.588269 0.634599
4964 0.587514 0.633857
4966 0.586537 0.632884
4968 0.585338 0.631681
4970 0.583919 0.630249
4972 0.582277 0.628587
4974 0.580415 0.626696
4976 0.578333 0.624576
4978 0.576030 0.622227
4980 0.573507 0.619651
4982 0.570765 0.616848
4984 0.567805 0.613818
4986 0.564628 0.610563
4988 0.561234 0.607084
4990 0.557624 0.603381
4992 0.553799 0.599456
4994 0.549761 0.595310
4996 0.545511 0.590945
4998 0.541050 0.586361
5000 0.536380 0.581560
5002 0.531502 0.576545
5004 0.526417 0.571316
5006 0.521128 0.565875
5008 0.515636 0.560225
5010 0.509943 0.554367
5012 0.504051 0.548303
5014 0.497963 0.542036
5016 0.491679 0.535567
5018 0.485202 0.528899
5020 0.478535 0.522035
5022 0.471680 0.514976
5024 0.464639 0.507725
5026 0.457415 0.500285
5028 0.450010 0.492658
5030 0.442427 0.484848
5032 0.434669 0.476857
5034 0.426738 0.468688
5036 0.418638 0.460344
5038 0.410371 0.451828
5040 0.401940 0.443142
5042 0.393349 0.434292
5044 0.384600 0.425278
5046 0.375696 0.416106
5048 0.366642 0.406778
5050 0.357440 0.397297
5052 0.348093 0.387668
5054 0.338606 0.377893
5056 0.328981 0.367977
5058 0.319222 0.357923
5060 0.309333 0.347735
5062 0.299317 0.337416
5064 0.289178 0.326970
5066 0.278920 0.316402
5068 0.268547 0.305715
5070 0.258063 0.294913
5072 0.247470 0.284001
5074 0.236775 0.272982
5076 0.225979 0.261860
5078 0.215088 0.250640
5080 0.204105 0.239326
5082 0.193035 0.227921
5084 0.181882 0.216431
5086 0.170649 0.204860
5088 0.159342 0.193211
5090 0.147964 0.181490
5092 0.136520 0.169701
5094 0.125013 0.157848
5096 0.113449 0.145935
5098 0.101832 0.133968
5100 0.090165 0.121950
5102 0.078454 0.109886
5104 0.066703 0.097781
5106 0.054916 0.085639
5108 0.043097 0.073465
5110 0.031252 0.061263
5112 0.019384 0.049038
5114 0.007498 0.036795
5116 -0.004401 0.024538
5118 -0.016309 0.012271
5120 -0.028222 0.000000
5122 -0.040135 -0.012271
5124 -0.052043 -0.024538
5126 -0.063942 -0.036795
5128 -0.075827 -0.049038
5130 -0.087695 -0.061263
5132 -0.099540 -0.073465
5134 -0.111358 -0.085639
5136 -0.123144 -0.097781
5138 -0.134895 -0.109886
5140 -0.146605 -0.121950
5142 -0.158270 -0.133968
5144 -0.169887 -0.145935
5146 -0.181449 -0.157848
5148 -0.192954 -0.169701
5150 -0.204396 -0.181490
5152 -0.215772 -0.193211
5154 -0.227077 -0.204860
5156 -0.238307 -0.216431
5158 -0.249457 -0.227921
5160 -0.260523 -0.239326
5162 -0.271502 -0.250640
5164 -0.282389 -0.261860
5166 -0.293179 -0.272982
5168 -0.303870 -0.284001
5170 -0.314456 -0.294913
5172 -0.324934 -0.305715
5174 -0.335300 -0.316402
5176 -0.345550 -0.326970
5178 -0.355680 -0.337416
5180 -0.365687 -0.347735
5182 -0.375565 -0.357923
5184 -0.385313 -0.367977
5186 -0.394926 -0.377893
5188 -0.404401 -0.387668
5190 -0.413733 -0.397297
5192 -0.422921 -0.406778
5194 -0.431959 -0.416106
5196 -0.440845 -0.425278
5198 -0.449575 -0.434292
5200 -0.458147 -0.443142
5202 -0.466556 -0.451828
5204 -0.474801 -0.460344
5206 -0.482877 -0.468688
5208 -0.490782 -0.476857
5210 -0.498513 -0.484848
5212 -0.506066 -0.492658
5214 -0.513440 -0.500285
5216 -0.520632 -0.507725
5218 -0.527639 -0.514976
5220 -0.534458 -0.522035
5222 -0.541086 -0.528899
5224 -0.547522 -0.535567
5226 -0.553764 -0.542036
5228 -0.559808 -0.548303
5230 -0.565653 -0.554367
5232 -0.571296 -0.560225
5234 -0.576736 -0.565875
5236 -0.581971 -0.571316
5238 -0.586998 -0.576545
5240 -0.591817 -0.581560
5242 -0.596425 -0.586361
5244 -0.600820 -0.590945
5246 -0.605002 -0.595310
5248 -0.608969 -0.599456
5250 -0.612719 -0.603381
5252 -0.616252 -0.607084
5254 -0.619565 -0.610563
5256 -0.622659 -0.613818
5258 -0.625532 -0.616848
5260 -0.628183 -0.619651
5262 -0.630612 -0.622227
5264 -0.632817 -0.624576
5266 -0.634798 -0.626696
5268 -0.636555 -0.628587
5270 -0.638087 -0.630249
5272 -0.639394 -0.631681
5274 -0.640476 -0.632884
5276 -0.641332 -0.633857
5278 -0.641963 -0.634599
5280 -0.642368 -0.635112
5282 -0.642547 -0.635395
5284 -0.642502 -0.635448
5286 -0.642231 -0.635273
5288 -0.641737 -0.634868
5290 -0.641018 -0.634236
5292 -0.640076 -0.633376
5294 -0.638912 -0.632289
5296 -0.637525 -0.630977
5298 -0.635918 -0.629439
5300 -0.634091 -0.627678
5302 -0.632045 -0.625694
5304 -0.629782 -0.623488
5306 -0.627302 -0.621062
5308 -0.624607 -0.618417
5310 -0.621698 -0.615554
5312 -0.618578 -0.612476
5314 -0.615247 -0.609184
5316 -0.611707 -0.605679
5318 -0.607961 -0.601964
5320 -0.604009 -0.598040
5322 -0.599855 -0.593910
5324 -0.595499 -0.589576
5326 -0.590945 -0.585039
5328 -0.586195 -0.580303
5330 -0.581250 -0.575369
5332 -0.576114 -0.570241
5334 -0.570788 -0.564920
5336 -0.565276 -0.559410
5338 -0.559580 -0.553713
5340 -0.553703 -0.547832
5342 -0.547648 -0.541770
5344 -0.541417 -0.535529
5346 -0.535014 -0.529114
5348 -0.528441 -0.522527
5350 -0.521703 -0.515771
5352 -0.514801 -0.508850
5354 -0.507740 -0.501767
5356 -0.500523 -0.494526
5358 -0.493153 -0.487129
5360 -0.485634 -0.479582
5362 -0.477970 -0.471887
5364 -0.470163 -0.464048
5366 -0.462219 -0.456069
5368 -0.454140 -0.447954
5370 -0.445930 -0.439707
5372 -0.437594 -0.431332
5374 -0.429136 -0.422833
5376 -0.420559 -0.414214
5378 -0.411868 -0.405479
5380 -0.403067 -0.396633
5382 -0.394160 -0.387680
5384 -0.385151 -0.378624
5386 -0.376045 -0.369471
5388 -0.366846 -0.360223
5390 -0.357559 -0.350887
5392 -0.348188 -0.341466
5394 -0.338738 -0.331965
5396 -0.329213 -0.322389
5398 -0.319617 -0.312742
5400 -0.309957 -0.303030
5402 -0.300236 -0.293257
5404 -0.290459 -0.283428
5406 -0.280631 -0.273548
5408 -0.270757 -0.263622
5410 -0.260842 -0.253655
5412 -0.250890 -0.243651
5414 -0.240907 -0.233617
5416 -0.230897 -0.223556
5418 -0.220866 -0.213475
5420 -0.210819 -0.203378
5422 -0.200760 -0.193270
5424 -0.190695 -0.183157
5426 -0.180628 -0.173044
5428 -0.170566 -0.162935
5430 -0.160512 -0.152837
5432 -0.150473 -0.142754
5434 -0.140453 -0.132691
5436 -0.130458 -0.122655
5438 -0.120493 -0.112649
5440 -0.110562 -0.102680
5442 -0.100671 -0.092753
5444 -0.090826 -0.082873
5446 -0.081031 -0.073045
5448 -0.071292 -0.063275
5450 -0.061614 -0.053568
5452 -0.052002 -0.043928
5454 -0.042461 -0.034362
5456 -0.032997 -0.024875
5458 -0.023614 -0.015472
5460 -0.014318 -0.006157
5462 -0.005114 0.003062
5464 0.003993 0.012183
5466 0.012998 0.021198
5468 0.021895 0.030104
5470 0.030681 0.038895
5472 0.039349 0.047565
5474 0.047895 0.056111
5476 0.056313 0.064526
5478 0.064599 0.072806
5480 0.072748 0.080945
5482 0.080755 0.088939
5484 0.088615 0.096783
5486 0.096323 0.104472
5488 0.103874 0.112001
5490 0.111264 0.119366
5492 0.118489 0.126561
5494 0.125542 0.133581
5496 0.132420 0.140423
5498 0.139119 0.147082
5500 0.145633 0.153552
5502 0.151958 0.159830
5504 0.158090 0.165911
5506 0.164025 0.171790
5508 0.169757 0.177464
5510 0.175284 0.182928
5512 0.180600 0.188177
5514 0.185702 0.193209
5516 0.190585 0.198018
5518 0.195246 0.202600
5520 0.199681 0.206952
5522 0.203886 0.211070
5524 0.207857 0.214949
5526 0.211590 0.218587
5528 0.215081 0.221979
5530 0.218328 0.225123
5532 0.221327 0.228013
5534 0.224074 0.230648
5536 0.226565 0.233023
5538 0.228799 0.235136
5540 0.230771 0.236983
5542 0.232479 0.238561
5544 0.233919 0.239867
5546 0.235088 0.240899
5548 0.235985 0.241653
5550 0.236605 0.242126
5552 0.236947 0.242317
5554 0.237007 0.242222
5556 0.236784 0.241839
5558 0.236275 0.241165
5560 0.235478 0.240199
5562 0.234390 0.238939
5564 0.233010 0.237381
5566 0.231336 0.235525
5568 0.229365 0.233368
5570 0.227095 0.230908
5572 0.224526 0.228145
5574 0.221656 0.225076
5576 0.218483 0.221699
5578 0.215005 0.218014
5580 0.211222 0.214020
5582 0.207132 0.209715
5584 0.202735 0.205097
5586 0.198029 0.200168
5588 0.193013 0.194924
5590 0.187687 0.189366
5592 0.182051 0.183493
5594 0.176102 0.177305
5596 0.169842 0.170802
5598 0.163270 0.163982
5600 0.156386 0.156846
5602 0.149189 0.149394
5604 0.141679 0.141626
5606 0.133858 0.133542
5608 0.125724 0.125142
5610 0.117279 0.116427
5612 0.108523 0.107398
5614 0.099457 0.098055
5616 0.090080 0.088398
5618 0.080394 0.078429
5620 0.070401 0.068149
5622 0.060100 0.057559
5624 0.049493 0.046659
5626 0.038582 0.035452
5628 0.027368 0.023939
5630 0.015851 0.012121
5632 0.004035 0.000000
5634 -0.008080 -0.012422
5636 -0.020491 -0.025144
5638 -0.033197 -0.038162
5640 -0.046196 -0.051476
5642 -0.059485 -0.065083
5644 -0.073063 -0.078980
5646 -0.086926 -0.093165
5648 -0.101073 -0.107636
5650 -0.115500 -0.122390
5652 -0.130205 -0.137423
5654 -0.145186 -0.152734
5656 -0.160439 -0.168319
5658 -0.175961 -0.184175
5660 -0.191749 -0.200298
5662 -0.207800 -0.216686
5664 -0.224111 -0.233335
5666 -0.240678 -0.250241
5668 -0.257497 -0.267401
5670 -0.274565 -0.284811
5672 -0.291878 -0.302467
5674 -0.309433 -0.320365
5676 -0.327224 -0.338502
5678 -0.345249 -0.356872
5680 -0.363504 -0.375472
5682 -0.381983 -0.394297
5684 -0.400682 -0.413344
5686 -0.419598 -0.432606
5688 -0.438725 -0.452081
5690 -0.458059 -0.471762
5692 -0.477595 -0.491645
5694 -0.497329 -0.511726
5696 -0.517255 -0.531999
5698 -0.537369 -0.552459
5700 -0.557665 -0.573101
5702 -0.578139 -0.593920
5704 -0.598785 -0.614911
5706 -0.619598 -0.636067
5708 -0.640572 -0.657384
5710 -0.661702 -0.678856
5712 -0.682982 -0.700477
5714 -0.704408 -0.722241
5716 -0.725972 -0.744144
5718 -0.747670 -0.766178
5720 -0.769496 -0.788338
5722 -0.791443 -0.810618
5724 -0.813506 -0.833012
5726 -0.835679 -0.855514
5728 -0.857955 -0.878117
5730 -0.880329 -0.900816
5732 -0.902794 -0.923603
5734 -0.925344 -0.946473
5736 -0.947973 -0.969419
5738 -0.970674 -0.992435
5740 -0.993441 -1.015514
5742 -1.016268 -1.038649
5744 -1.039147 -1.061835
5746 -1.062073 -1.085063
5748 -1.085038 -1.108328
5750 -1.108036 -1.131623
5752 -1.131061 -1.154940
5754 -1.154106 -1.178274
5756 -1.177163 -1.201617
5758 -1.200227 -1.224962
5760 -1.223289 -1.248303
5762 -1.246345 -1.271632
5764 -1.269385 -1.294942
5766 -1.292405 -1.318227
5768 -1.315395 -1.341479
5770 -1.338351 -1.364692
5772 -1.361264 -1.387857
5774 -1.384129 -1.410969
5776 -1.406936 -1.434020
5778 -1.429681 -1.457002
5780 -1.452355 -1.479910
5782 -1.474952 -1.502734
5784 -1.497464 -1.525470
5786 -1.519885 -1.548109
5788 -1.542208 -1.570644
5790 -1.564425 -1.593068
5792 -1.586529 -1.615374
5794 -1.608514 -1.637554
5796 -1.630372 -1.659603
5798 -1.652096 -1.681512
5800 -1.673680 -1.703274
5802 -1.695116 -1.724883
5804 -1.716397 -1.746331
5806 -1.737516 -1.767612
5808 -1.758467 -1.788718
5810 -1.779243 -1.809642
5812 -1.799836 -1.830377
5814 -1.820240 -1.850916
5816 -1.840447 -1.871254
5818 -1.860452 -1.891381
5820 -1.880247 -1.911293
5822 -1.899826 -1.930981
5824 -1.919181 -1.950439
5826 -1.938307 -1.969661
5828 -1.957196 -1.988640
5830 -1.975843 -2.007369
5832 -1.994240 -2.025842
5834 -2.012381 -2.044051
5836 -2.030259 -2.061991
5838 -2.047869 -2.079656
5840 -2.065204 -2.097038
5842 -2.082257 -2.114131
5844 -2.099023 -2.130930
5846 -2.115495 -2.147428
5848 -2.131667 -2.163619
5850 -2.147534 -2.179497
5852 -2.163089 -2.195056
5854 -2.178327 -2.210289
5856 -2.193241 -2.225192
5858 -2.207826 -2.239759
5860 -2.222076 -2.253983
5862 -2.235986 -2.267860
5864 -2.249550 -2.281383
5866 -2.262763 -2.294547
5868 -2.275619 -2.307348
5870 -2.288114 -2.319779
5872 -2.300241 -2.331835
5874 -2.311997 -2.343512
5876 -2.323375 -2.354804
5878 -2.334372 -2.365707
5880 -2.344982 -2.376215
5882 -2.355200 -2.386325
5884 -2.365022 -2.396031
5886 -2.374444 -2.405328
5888 -2.383461 -2.414214
5890 -2.392068 -2.422682
5892 -2.400263 -2.430729
5894 -2.408039 -2.438352
5896 -2.415394 -2.445545
5898 -2.422323 -2.452305
5900 -2.428823 -2.458629
5902 -2.434891 -2.464512
5904 -2.440521 -2.469951
5906 -2.445712 -2.474943
5908 -2.450459 -2.479485
5910 -2.454760 -2.483572
5912 -2.458611 -2.487203
5914 -2.462010 -2.490374
5916 -2.464953 -2.493082
5918 -2.467438 -2.495325
5920 -2.469462 -2.497100
5922 -2.471022 -2.498404
5924 -2.472117 -2.499236
5926 -2.472743 -2.499593
5928 -2.472900 -2.499473
5930 -2.472584 -2.498873
5932 -2.471794 -2.497793
5934 -2.470528 -2.496231
5936 -2.468784 -2.494184
5938 -2.466561 -2.491651
5940 -2.463858 -2.488632
5942 -2.460673 -2.485125
5944 -2.457006 -2.481128
5946 -2.452854 -2.476642
5948 -2.448218 -2.471665
5950 -2.443096 -2.466196
5952 -2.437488 -2.460235
5954 -2.431394 -2.453782
5956 -2.424813 -2.446836
5958 -2.417744 -2.439398
5960 -2.410189 -2.431466
5962 -2.402146 -2.423043
5964 -2.393617 -2.414127
5966 -2.384600 -2.404719
5968 -2.375098 -2.394819
5970 -2.365110 -2.384430
5972 -2.354638 -2.373550
5974 -2.343681 -2.362182
5976 -2.332242 -2.350326
5978 -2.320320 -2.337983
5980 -2.307918 -2.325155
5982 -2.295037 -2.311844
5984 -2.281678 -2.298051
5986 -2.267843 -2.283778
5988 -2.253533 -2.269026
5990 -2.238752 -2.253798
5992 -2.223500 -2.238097
5994 -2.207780 -2.221923
5996 -2.191594 -2.205280
5998 -2.174945 -2.188170
6000 -2.157835 -2.170597
6002 -2.140267 -2.152562
6004 -2.122244 -2.134069
6006 -2.103769 -2.115121
6008 -2.084844 -2.095721
6010 -2.065473 -2.075872
6012 -2.045660 -2.055578
6014 -2.025408 -2.034843
6016 -2.004719 -2.013670
6018 -1.983599 -1.992063
6020 -1.962051 -1.970026
6022 -1.940079 -1.947563
6024 -1.917686 -1.924678
6026 -1.894878 -1.901376
6028 -1.871658 -1.877662
6030 -1.848030 -1.853539
6032 -1.824001 -1.829012
6034 -1.799573 -1.804086
6036 -1.774752 -1.778767
6038 -1.749542 -1.753058
6040 -1.723949 -1.726966
6042 -1.697978 -1.700495
6044 -1.671634 -1.673651
6046 -1.644921 -1.646439
6048 -1.617847 -1.618865
6050 -1.590415 -1.590935
6052 -1.562633 -1.562654
6054 -1.534504 -1.534028
6056 -1.506036 -1.505063
6058 -1.477234 -1.475765
6060 -1.448105 -1.446140
6062 -1.418653 -1.416195
6064 -1.388886 -1.385936
6066 -1.358810 -1.355369
6068 -1.328430 -1.324501
6070 -1.297754 -1.293338
6072 -1.266789 -1.261888
6074 -1.235540 -1.230156
6076 -1.204014 -1.198151
6078 -1.172218 -1.165877
6080 -1.140160 -1.133344
6082 -1.107845 -1.100557
6084 -1.075281 -1.067525
6086 -1.042476 -1.034253
6088 -1.009435 -1.000750
6090 -0.976167 -0.967023
6092 -0.942679 -0.933079
6094 -0.908977 -0.898925
6096 -0.875070 -0.864570
6098 -0.840965 -0.830021
6100 -0.806669 -0.795286
6102 -0.772191 -0.760371
6104 -0.737536 -0.725286
6106 -0.702714 -0.690037
6108 -0.667732 -0.654634
6110 -0.632598 -0.619083
6112 -0.597319 -0.583392
6114 -0.561904 -0.547570
6116 -0.526359 -0.511625
6118 -0.490695 -0.475564
6120 -0.454917 -0.439396
6122 -0.419034 -0.403129
6124 -0.383055 -0.366771
6126 -0.346987 -0.330331
6128 -0.310838 -0.293815
6130 -0.274617 -0.257234
6132 -0.238331 -0.220594
6134 -0.201989 -0.183904
6136 -0.165599 -0.147173
6138 -0.129169 -0.110409
6140 -0.092707 -0.073620
6142 -0.056222 -0.036814
6144 -0.019721 -0.000000
6146 0.016787 0.036814
6148 0.053294 0.073620
6150 0.089791 0.110409
6152 0.126272 0.147173
6154 0.162726 0.183904
6156 0.199147 0.220594
6158 0.235526 0.257234
6160 0.271855 0.293815
6162 0.308125 0.330331
6164 0.344329 0.366771
6166 0.380459 0.403129
6168 0.416505 0.439396
6170 0.452461 0.475564
6172 0.488319 0.511625
6174 0.524069 0.547570
6176 0.559705 0.583392
6178 0.595218 0.619083
6180 0.630600 0.654634
6182 0.665844 0.690037
6184 0.700941 0.725286
6186 0.735884 0.760371
6188 0.770666 0.795286
6190 0.805277 0.830021
6192 0.839712 0.864570
6194 0.873961 0.898925
6196 0.908019 0.933079
6198 0.941876 0.967023
6200 0.975526 1.000750
6202 1.008961 1.034253
6204 1.042174 1.067525
6206 1.075157 1.100557
6208 1.107905 1.133344
6210 1.140408 1.165877
6212 1.172661 1.198151
6214 1.204656 1.230156
6216 1.236387 1.261888
6218 1.267846 1.293338
6220 1.299027 1.324501
6222 1.329923 1.355369
6224 1.360528 1.385936
6226 1.390835 1.416195
6228 1.420838 1.446140
6230 1.450530 1.475765
6232 1.479905 1.505063
6234 1.508956 1.534028
6236 1.537679 1.562654
6238 1.566067 1.590935
6240 1.594113 1.618865
6242 1.621813 1.646439
6244 1.649161 1.673651
6246 1.676150 1.700495
6248 1.702776 1.726966
6250 1.729033 1.753058
6252 1.754916 1.778767
6254 1.780420 1.804086
6256 1.805539 1.829012
6258 1.830269 1.853539
6260 1.854605 1.877662
6262 1.878542 1.901376
6264 1.902075 1.924678
6266 1.925201 1.947563
6268 1.947914 1.970026
6270 1.970211 1.992063
6272 1.992087 2.013670
6274 2.013538 2.034843
6276 2.034561 2.055578
6278 2.055151 2.075872
6280 2.075305 2.095721
6282 2.095019 2.115121
6284 2.114290 2.134069
6286 2.133115 2.152562
6288 2.151490 2.170597
6290 2.169413 2.188170
6292 2.186880 2.205280
6294 2.203889 2.221923
6296 2.220436 2.238097
6298 2.236521 2.253798
6300 2.252139 2.269026
6302 2.267290 2.283778
6304 2.281970 2.298051
6306 2.296178 2.311844
6308 2.309911 2.325155
6310 2.323169 2.337983
6312 2.335949 2.350326
6314 2.348250 2.362182
6316 2.360071 2.373550
6318 2.371410 2.384430
6320 2.382267 2.394819
6322 2.392639 2.404719
6324 2.402528 2.414127
6326 2.411931 2.423043
6328 2.420848 2.431466
6330 2.429280 2.439398
6332 2.437225 2.446836
6334 2.444683 2.453782
6336 2.451655 2.460235
6338 2.458141 2.466196
6340 2.464140 2.471665
6342 2.469653 2.476642
6344 2.474681 2.481128
6346 2.479225 2.485125
6348 2.483284 2.488632
6350 2.486860 2.491651
6352 2.489955 2.494184
6354 2.492568 2.496231
6356 2.494703 2.497793
6358 2.496359 2.498873
6360 2.497538 2.499473
6362 2.498242 2.499593
6364 2.498474 2.499236
6366 2.498234 2.498404
6368 2.497525 2.497100
6370 2.496350 2.495325
6372 2.494709 2.493082
6374 2.492606 2.490374
6376 2.490044 2.487203
6378 2.487025 2.483572
6380 2.483551 2.479485
6382 2.479626 2.474943
6384 2.475253 2.469951
6386 2.470434 2.464512
6388 2.465174 2.458629
6390 2.459475 2.452305
6392 2.453341 2.445545
6394 2.446775 2.438352
6396 2.439782 2.430729
6398 2.432364 2.422682
6400 2.424527 2.414214
6402 2.416273 2.405328
6404 2.407607 2.396031
6406 2.398534 2.386325
6408 2.389057 2.376215
6410 2.379181 2.365707
6412 2.368911 2.354804
6414 2.358250 2.343512
6416 2.347205 2.331835
6418 2.335779 2.319779
6420 2.323978 2.307348
6422 2.311806 2.294547
6424 2.299269 2.281383
6426 2.286372 2.267860
6428 2.273120 2.253983
6430 2.259518 2.239759
6432 2.245572 2.225192
6434 2.231288 2.210289
6436 2.216670 2.195056
6438 2.201725 2.179497
6440 2.186458 2.163619
6442 2.170875 2.147428
6444 2.154982 2.130930
6446 2.138784 2.114131
6448 2.122289 2.097038
6450 2.105502 2.079656
6452 2.088428 2.061991
6454 2.071075 2.044051
6456 2.053449 2.025842
6458 2.035555 2.007369
6460 2.017400 1.988640
6462 1.998991 1.969661
6464 1.980334 1.950439
6466 1.961435 1.930981
6468 1.942301 1.911293
6470 1.922940 1.891381
6472 1.903356 1.871254
6474 1.883557 1.850916
6476 1.863550 1.830377
6478 1.843342 1.809642
6480 1.822939 1.788718
6482 1.802348 1.767612
6484 1.781576 1.746331
6486 1.760629 1.724883
6488 1.739515 1.703274
6490 1.718241 1.681512
6492 1.696813 1.659603
6494 1.675239 1.637554
6496 1.653525 1.615374
6498 1.631679 1.593068
6500 1.609706 1.570644
6502 1.587616 1.548109
6504 1.565413 1.525470
6506 1.543107 1.502734
6508 1.520702 1.479910
6510 1.498207 1.457002
6512 1.475628 1.434020
6514 1.452973 1.410969
6516 1.430249 1.387857
6518 1.407461 1.364692
6520 1.384618 1.341479
6522 1.361727 1.318227
6524 1.338794 1.294942
6526 1.315826 1.271632
6528 1.292830 1.248303
6530 1.269813 1.224962
6532 1.246782 1.201617
6534 1.223744 1.178274
6536 1.200706 1.154940
6538 1.177674 1.131623
6540 1.154655 1.108328
6542 1.131656 1.085063
6544 1.108683 1.061835
6546 1.085743 1.038649
6548 1.062844 1.015514
6550 1.039990 0.992435
6552 1.017189 0.969419
6554 0.994448 0.946473
6556 0.971772 0.923603
6558 0.949168 0.900816
6560 0.926643 0.878117
6562 0.904202 0.855514
6564 0.881852 0.833012
6566 0.859599 0.810618
6568 0.837449 0.788338
6570 0.815408 0.766178
6572 0.793482 0.744144
6574 0.771677 0.722241
6576 0.749999 0.700477
6578 0.728454 0.678856
6580 0.707046 0.657384
6582 0.685783 0.636067
6584 0.664669 0.614911
6586 0.643709 0.593920
6588 0.622910 0.573101
6590 0.602277 0.552459
6592 0.581814 0.531999
6594 0.561528 0.511726
6596 0.541422 0.491645
6598 0.521503 0.471762
6600 0.501774 0.452081
6602 0.482242 0.432606
6604 0.462909 0.413344
6606 0.443782 0.394297
6608 0.424865 0.375472
6610 0.406162 0.356872
6612 0.387677 0.338502
6614 0.369415 0.320365
6616 0.351380 0.302467
6618 0.333577 0.284811
6620 0.316008 0.267401
6622 0.298678 0.250241
6624 0.281591 0.233335
6626 0.264751 0.216686
6628 0.248160 0.200298
6630 0.231823 0.184175
6632 0.215743 0.168319
6634 0.199923 0.152734
6636 0.184367 0.137423
6638 0.169076 0.122390
6640 0.154056 0.107636
6642 0.139307 0.093165
6644 0.124834 0.078980
6646 0.110638 0.065083
6648 0.096722 0.051476
6650 0.083089 0.038162
6652 0.069741 0.025144
6654 0.056680 0.012422
6656 0.043908 -0.000000
6658 0.031428 -0.012121
6660 0.019240 -0.023939
6662 0.007348 -0.035452
6664 -0.004248 -0.046659
6666 -0.015546 -0.057559
6668 -0.026545 -0.068149
6670 -0.037242 -0.078429
6672 -0.047638 -0.088398
6674 -0.057730 -0.098055
6676 -0.067519 -0.107398
6678 -0.077002 -0.116427
6680 -0.086180 -0.125142
6682 -0.095051 -0.133542
6684 -0.103615 -0.141626
6686 -0.111872 -0.149394
6688 -0.119822 -0.156846
6690 -0.127463 -0.163982
6692 -0.134797 -0.170802
6694 -0.141822 -0.177305
6696 -0.148540 -0.183493
6698 -0.154950 -0.189366
6700 -0.161053 -0.194924
6702 -0.166849 -0.200168
6704 -0.172339 -0.205097
6706 -0.177523 -0.209715
6708 -0.182402 -0.214020
6710 -0.186978 -0.218014
6712 -0.191251 -0.221699
6714 -0.195222 -0.225076
6716 -0.198892 -0.228145
6718 -0.202263 -0.230908
6720 -0.205336 -0.233368
6722 -0.208113 -0.235525
6724 -0.210595 -0.237381
6726 -0.212784 -0.238939
6728 -0.214681 -0.240199
6730 -0.216290 -0.241165
6732 -0.217611 -0.241839
6734 -0.218646 -0.242222
6736 -0.219399 -0.242317
6738 -0.219871 -0.242126
6740 -0.220065 -0.241653
6742 -0.219983 -0.240899
6744 -0.219627 -0.239867
6746 -0.219001 -0.238561
6748 -0.218107 -0.236983
6750 -0.216947 -0.235136
6752 -0.215526 -0.233023
6754 -0.213846 -0.230648
6756 -0.211909 -0.228013
6758 -0.209720 -0.225123
6760 -0.207281 -0.221979
6762 -0.204595 -0.218587
6764 -0.201667 -0.214949
6766 -0.198499 -0.211070
6768 -0.195096 -0.206952
6770 -0.191460 -0.202600
6772 -0.187596 -0.198018
6774 -0.183507 -0.193209
6776 -0.179197 -0.188177
6778 -0.174671 -0.182928
6780 -0.169931 -0.177464
6782 -0.164982 -0.171790
6784 -0.159829 -0.165911
6786 -0.154474 -0.159830
6788 -0.148924 -0.153552
6790 -0.143181 -0.147082
6792 -0.137250 -0.140423
6794 -0.131136 -0.133581
6796 -0.124842 -0.126561
6798 -0.118374 -0.119366
6800 -0.111737 -0.112001
6802 -0.104933 -0.104472
6804 -0.097969 -0.096783
6806 -0.090849 -0.088939
6808 -0.083578 -0.080945
6810 -0.076160 -0.072806
6812 -0.068599 -0.064526
6814 -0.060902 -0.056111
6816 -0.053073 -0.047565
6818 -0.045117 -0.038895
6820 -0.037038 -0.030104
6822 -0.028842 -0.021198
6824 -0.020533 -0.012183
6826 -0.012117 -0.003062
6828 -0.003598 0.006157
6830 0.005018 0.015472
6832 0.013726 0.024875
6834 0.022522 0.034362
6836 0.031399 0.043928
6838 0.040354 0.053568
6840 0.049381 0.063275
6842 0.058474 0.073045
6844 0.067629 0.082873
6846 0.076841 0.092753
6848 0.086104 0.102680
6850 0.095413 0.112649
6852 0.104764 0.122655
6854 0.114150 0.132691
6856 0.123568 0.142754
6858 0.133011 0.152837
6860 0.142474 0.162935
6862 0.151954 0.173044
6864 0.161443 0.183157
6866 0.170939 0.193270
6868 0.180434 0.203378
6870 0.189925 0.213475
6872 0.199406 0.223556
6874 0.208872 0.233617
6876 0.218318 0.243651
6878 0.227740 0.253655
6880 0.237132 0.263622
6882 0.246490 0.273548
6884 0.255808 0.283428
6886 0.265082 0.293257
6888 0.274307 0.303030
6890 0.283478 0.312742
6892 0.292591 0.322389
6894 0.301641 0.331965
6896 0.310623 0.341466
6898 0.319532 0.350887
6900 0.328364 0.360223
6902 0.337115 0.369471
6904 0.345780 0.378624
6906 0.354355 0.387680
6908 0.362835 0.396633
6910 0.371216 0.405479
6912 0.379493 0.414214
6914 0.387664 0.422833
6916 0.395722 0.431332
6918 0.403665 0.439707
6920 0.411488 0.447954
6922 0.419187 0.456069
6924 0.426759 0.464048
6926 0.434199 0.471887
6928 0.441504 0.479582
6930 0.448670 0.487129
6932 0.455694 0.494526
6934 0.462571 0.501767
6936 0.469299 0.508850
6938 0.475874 0.515771
6940 0.482292 0.522527
6942 0.488551 0.529114
6944 0.494647 0.535529
6946 0.500576 0.541770
6948 0.506337 0.547832
6950 0.511926 0.553713
6952 0.517339 0.559410
6954 0.522575 0.564920
6956 0.527631 0.570241
6958 0.532503 0.575369
6960 0.537189 0.580303
6962 0.541688 0.585039
6964 0.545996 0.589576
6966 0.550111 0.593910
6968 0.554030 0.598040
6970 0.557753 0.601964
6972 0.561276 0.605679
6974 0.564598 0.609184
6976 0.567716 0.612476
6978 0.570630 0.615554
6980 0.573337 0.618417
6982 0.575836 0.621062
6984 0.578125 0.623488
6986 0.580203 0.625694
6988 0.582068 0.627678
6990 0.583720 0.629439
6992 0.585156 0.630977
6994 0.586377 0.632289
6996 0.587380 0.633376
6998 0.588166 0.634236
7000 0.588733 0.634868
7002 0.589081 0.635273
7004 0.589209 0.635448
7006 0.589117 0.635395
7008 0.588804 0.635112
7010 0.588269 0.634599
7012 0.587514 0.633857
7014 0.586537 0.632884
7016 0.585338 0.631681
7018 0.583919 0.630249
7020 0.582277 0.628587
7022 0.580415 0.626696
7024 0.578333 0.624576
7026 0.576030 0.622227
7028 0.573507 0.619651
7030 0.570765 0.616848
7032 0.567805 0.613818
7034 0.564628 0.610563
7036 0.561234 0.607084
7038 0.557624 0.603381
7040 0.553799 0.599456
7042 0.549761 0.595310
7044 0.545511 0.590945
7046 0.541050 0.586361
7048 0.536380 0.581560
7050 0.531502 0.576545
7052 0.526417 0.571316
7054 0.521128 0.565875
7056 0.515636 0.560225
7058 0.509943 0.554367
7060 0.504051 0.548303
7062 0.497963 0.542036
7064 0.491679 0.535567
7066 0.485202 0.528899
7068 0.478535 0.522035
7070 0.471680 0.514976
7072 0.464639 0.507725
7074 0.457415 0.500285
7076 0.450010 0.492658
7078 0.442427 0.484848
7080 0.434669 0.476857
7082 0.426738 0.468688
7084 0.418638 0.460344
7086 0.410371 0.451828
7088 0.401940 0.443142
7090 0.393349 0.434292
7092 0.384600 0.425278
7094 0.375696 0.416106
7096 0.366642 0.406778
7098 0.357440 0.397297
7100 0.348093 0.387668
7102 0.338606 0.377893
7104 0.328981 0.367977
7106 0.319222 0.357923
7108 0.309333 0.347735
7110 0.299317 0.337416
7112 0.289178 0.326970
7114 0.278920 0.316402
7116 0.268547 0.305715
7118 0.258063 0.294913
7120 0.247470 0.284001
7122 0.236775 0.272982
7124 0.225979 0.261860
7126 0.215088 0.250640
7128 0.204105 0.239326
7130 0.193035 0.227921
7132 0.181882 0.216431
7134 0.170649 0.204860
7136 0.159342 0.193211
7138 0.147964 0.181490
7140 0.136520 0.169701
7142 0.125013 0.157848
7144 0.113449 0.145935
7146 0.101832 0.133968
7148 0.090165 0.121950
7150 0.078454 0.109886
7152 0.066703 0.097781
7154 0.054916 0.085639
7156 0.043097 0.073465
7158 0.031252 0.061263
7160 0.019384 0.049038
7162 0.007498 0.036795
7164 -0.004401 0.024538
7166 -0.016309 0.012271
7168 -0.028222 -0.000000
7170 -0.040135 -0.012271
7172 -0.052043 -0.024538
7174 -0.063942 -0.036795
7176 -0.075827 -0.049038
7178 -0.087695 -0.061263
7180 -0.099540 -0.073465
7182 -0.111358 -0.085639
7184 -0.123144 -0.097781
7186 -0.134895 -0.109886
7188 -0.146605 -0.121950
7190 -0.158270 -0.133968
7192 -0.169887 -0.145935
7194 -0.181449 -0.157848
7196 -0.192954 -0.169701
7198 -0.204396 -0.181490
7200 -0.215772 -0.193211
7202 -0.227077 -0.204860
7204 -0.238307 -0.216431
7206 -0.249457 -0.227921
7208 -0.260523 -0.239326
7210 -0.271502 -0.250640
7212 -0.282389 -0.261860
7214 -0.293179 -0.272982
7216 -0.303870 -0.284001
7218 -0.314456 -0.294913
7220 -0.324934 -0.305715
7222 -0.335300 -0.316402
7224 -0.345550 -0.326970
7226 -0.355680 -0.337416
7228 -0.365687 -0.347735
7230 -0.375565 -0.357923
7232 -0.385313 -0.367977
7234 -0.394926 -0.377893
7236 -0.404401 -0.387668
7238 -0.413733 -0.397297
7240 -0.422921 -0.406778
7242 -0.431959 -0.416106
7244 -0.440845 -0.425278
7246 -0.449575 -0.434292
7248 -0.458147 -0.443142
7250 -0.466556 -0.451828
7252 -0.474801 -0.460344
7254 -0.482877 -0.468688
7256 -0.490782 -0.476857
7258 -0.498513 -0.484848
7260 -0.506066 -0.492658
7262 -0.513440 -0.500285
7264 -0.520632 -0.507725
7266 -0.527639 -0.514976
7268 -0.534458 -0.522035
7270 -0.541086 -0.528899
7272 -0.547522 -0.535567
7274 -0.553764 -0.542036
7276 -0.559808 -0.548303
7278 -0.565653 -0.554367
7280 -0.571296 -0.560225
7282 -0.576736 -0.565875
7284 -0.581971 -0.571316
7286 -0.586998 -0.576545
7288 -0.591817 -0.581560
7290 -0.596425 -0.586361
7292 -0.600820 -0.590945
7294 -0.605002 -0.595310
7296 -0.608969 -0.599456
7298 -0.612719 -0.603381
7300 -0.616252 -0.607084
7302 -0.619565 -0.610563
7304 -0.622659 -0.613818
7306 -0.625532 -0.616848
7308 -0.628183 -0.619651
7310 -0.630612 -0.622227
7312 -0.632817 -0.624576
7314 -0.634798 -0.626696
7316 -0.636555 -0.628587
7318 -0.638087 -0.630249
7320 -0.639394 -0.631681
7322 -0.640476 -0.632884
7324 -0.641332 -0.633857
7326 -0.641963 -0.634599
7328 -0.642368 -0.635112
7330 -0.642547 -0.635395
7332 -0.642502 -0.635448
7334 -0.642231 -0.635273
7336 -0.641737 -0.634868
7338 -0.641018 -0.634236
7340 -0.640076 -0.633376
7342 -0.638912 -0.632289
7344 -0.637525 -0.630977
7346 -0.635918 -0.629439
7348 -0.634091 -0.627678
7350 -0.632045 -0.625694
7352 -0.629782 -0.623488
7354 -0.627302 -0.621062
7356 -0.624607 -0.618417
7358 -0.621698 -0.615554
7360 -0.618578 -0.612476
7362 -0.615247 -0.609184
7364 -0.611707 -0.605679
7366 -0.607961 -0.601964
7368 -0.604009 -0.598040
7370 -0.599855 -0.593910
7372 -0.595499 -0.589576
7374 -0.590945 -0.585039
7376 -0.586195 -0.580303
7378 -0.581250 -0.575369
7380 -0.576114 -0.570241
7382 -0.570788 -0.564920
7384 -0.565276 -0.559410
7386 -0.559580 -0.553713
7388 -0.553703 -0.547832
7390 -0.547648 -0.541770
7392 -0.541417 -0.535529
7394 -0.535014 -0.529114
7396 -0.528441 -0.522527
7398 -0.521703 -0.515771
7400 -0.514801 -0.508850
7402 -0.507740 -0.501767
7404 -0.500523 -0.494526
7406 -0.493153 -0.487129
7408 -0.485634 -0.479582
7410 -0.477970 -0.471887
7412 -0.470163 -0.464048
7414 -0.462219 -0.456069
7416 -0.454140 -0.447954
7418 -0.445930 -0.439707
7420 -0.437594 -0.431332
7422 -0.429136 -0.422833
7424 -0.420559 -0.414214
7426 -0.411868 -0.405479
7428 -0.403067 -0.396633
7430 -0.394160 -0.387680
7432 -0.385151 -0.378624
7434 -0.376045 -0.369471
7436 -0.366846 -0.360223
7438 -0.357559 -0.350887
7440 -0.348188 -0.341466
7442 -0.338738 -0.331965
7444 -0.329213 -0.322389
7446 -0.319617 -0.312742
7448 -0.309957 -0.303030
7450 -0.300236 -0.293257
7452 -0.290459 -0.283428
7454 -0.280631 -0.273548
7456 -0.270757 -0.263622
7458 -0.260842 -0.253655
7460 -0.250890 -0.243651
7462 -0.240907 -0.233617
7464 -0.230897 -0.223556
7466 -0.220866 -0.213475
7468 -0.210819 -0.203378
7470 -0.200760 -0.193270
7472 -0.190695 -0.183157
7474 -0.180628 -0.173044
7476 -0.170566 -0.162935
7478 -0.160512 -0.152837
7480 -0.150473 -0.142754
7482 -0.140453 -0.132691
7484 -0.130458 -0.122655
7486 -0.120493 -0.112649
7488 -0.110562 -0.102680
7490 -0.100671 -0.092753
7492 -0.090826 -0.082873
7494 -0.081031 -0.073045
7496 -0.071292 -0.063275
7498 -0.061614 -0.053568
7500 -0.052002 -0.043928
7502 -0.042461 -0.034362
7504 -0.032997 -0.024875
7506 -0.023614 -0.015472
7508 -0.014318 -0.006157
7510 -0.005114 0.003062
7512 0.003993 0.012183
7514 0.012998 0.021198
7516 0.021895 0.030104
7518 0.030681 0.038895
7520 0.039349 0.047565
7522 0.047895 0.056111
7524 0.056313 0.064526
7526 0.064599 0.072806
7528 0.072748 0.080945
7530 0.080755 0.088939
7532 0.088615 0.096783
7534 0.096323 0.104472
7536 0.103874 0.112001
7538 0.111264 0.119366
7540 0.118489 0.126561
7542 0.125542 0.133581
7544 0.132420 0.140423
7546 0.139119 0.147082
7548 0.145633 0.153552
7550 0.151958 0.159830
7552 0.158090 0.165911
7554 0.164025 0.171790
7556 0.169757 0.177464
7558 0.175284 0.182928
7560 0.180600 0.188177
7562 0.185702 0.193209
7564 0.190585 0.198018
7566 0.195246 0.202600
7568 0.199681 0.206952
7570 0.203886 0.211070
7572 0.207857 0.214949
7574 0.211590 0.218587
7576 0.215081 0.221979
7578 0.218328 0.225123
7580 0.221327 0.228013
7582 0.224074 0.230648
7584 0.226565 0.233023
7586 0.228799 0.235136
7588 0.230771 0.236983
7590 0.232479 0.238561
7592 0.233919 0.239867
7594 0.235088 0.240899
7596 0.235985 0.241653
7598 0.236605 0.242126
7600 0.236947 0.242317
7602 0.237007 0.242222
7604 0.236784 0.241839
7606 0.236275 0.241165
7608 0.235478 0.240199
7610 0.234390 0.238939
7612 0.233010 0.237381
7614 0.231336 0.235525
7616 0.229365 0.233368
7618 0.227095 0.230908
7620 0.224526 0.228145
7622 0.221656 0.225076
7624 0.218483 0.221699
7626 0.215005 0.218014
7628 0.211222 0.214020
7630 0.207132 0.209715
7632 0.202735 0.205097
7634 0.198029 0.200168
7636 0.193013 0.194924
7638 0.187687 0.189366
7640 0.182051 0.183493
7642 0.176102 0.177305
7644 0.169842 0.170802
7646 0.163270 0.163982
7648 0.156386 0.156846
7650 0.149189 0.149394
7652 0.141679 0.141626
7654 0.133858 0.133542
7656 0.125724 0.125142
7658 0.117279 0.116427
7660 0.108523 0.107398
7662 0.099457 0.098055
7664 0.090080 0.088398
7666 0.080394 0.078429
7668 0.070401 0.068149
7670 0.060100 0.057559
7672 0.049493 0.046659
7674 0.038582 0.035452
7676 0.027368 0.023939
7678 0.015851 0.012121
7680 0.004035 0.000000
7682 -0.008080 -0.012422
7684 -0.020491 -0.025144
7686 -0.033197 -0.038162
7688 -0.046196 -0.051476
7690 -0.059485 -0.065083
7692 -0.073063 -0.078980
7694 -0.086926 -0.093165
7696 -0.101073 -0.107636
7698 -0.115500 -0.122390
7700 -0.130205 -0.137423
7702 -0.145186 -0.152734
7704 -0.160439 -0.168319
7706 -0.175961 -0.184175
7708 -0.191749 -0.200298
7710 -0.207800 -0.216686
7712 -0.224111 -0.233335
7714 -0.240678 -0.250241
7716 -0.257497 -0.267401
7718 -0.274565 -0.284811
7720 -0.291878 -0.302467
7722 -0.309433 -0.320365
7724 -0.327224 -0.338502
7726 -0.345249 -0.356872
7728 -0.363504 -0.375472
7730 -0.381983 -0.394297
7732 -0.400682 -0.413344
7734 -0.419598 -0.432606
7736 -0.438725 -0.452081
7738 -0.458059 -0.471762
7740 -0.477595 -0.491645
7742 -0.497329 -0.511726
7744 -0.517255 -0.531999
7746 -0.537369 -0.552459
7748 -0.557665 -0.573101
7750 -0.578139 -0.593920
7752 -0.598785 -0.614911
7754 -0.619598 -0.636067
7756 -0.640572 -0.657384
7758 -0.661702 -0.678856
7760 -0.682982 -0.700477
7762 -0.704408 -0.722241
7764 -0.725972 -0.744144
7766 -0.747670 -0.766178
7768 -0.769496 -0.788338
7770 -0.791443 -0.810618
7772 -0.813506 -0.833012
7774 -0.835679 -0.855514
7776 -0.857955 -0.878117
7778 -0.880329 -0.900816
7780 -0.902794 -0.923603
7782 -0.925344 -0.946473
7784 -0.947973 -0.969419
7786 -0.970674 -0.992435
7788 -0.993441 -1.015514
7790 -1.016268 -1.038649
7792 -1.039147 -1.061835
7794 -1.062073 -1.085063
7796 -1.085038 -1.108328
7798 -1.108036 -1.131623
7800 -1.131061 -1.154940
7802 -1.154106 -1.178274
7804 -1.177163 -1.201617
7806 -1.200227 -1.224962
7808 -1.223289 -1.248303
7810 -1.246345 -1.271632
7812 -1.269385 -1.294942
7814 -1.292405 -1.318227
7816 -1.315395 -1.341479
7818 -1.338351 -1.364692
7820 -1.361264 -1.387857
7822 -1.384129 -1.410969
7824 -1.406936 -1.434020
7826 -1.429681 -1.457002
7828 -1.452355 -1.479910
7830 -1.474952 -1.502734
7832 -1.497464 -1.525470
7834 -1.519885 -1.548109
7836 -1.542208 -1.570644
7838 -1.564425 -1.593068
7840 -1.586529 -1.615374
7842 -1.608514 -1.637554
7844 -1.630372 -1.659603
7846 -1.652096 -1.681512
7848 -1.673680 -1.703274
7850 -1.695116 -1.724883
7852 -1.716397 -1.746331
7854 -1.737516 -1.767612
7856 -1.758467 -1.788718
7858 -1.779243 -1.809642
7860 -1.799836 -1.830377
7862 -1.820240 -1.850916
7864 -1.840447 -1.871254
7866 -1.860452 -1.891381
7868 -1.880247 -1.911293
7870 -1.899826 -1.930981
7872 -1.919181 -1.950439
7874 -1.938307 -1.969661
7876 -1.957196 -1.988640
7878 -1.975843 -2.007369
7880 -1.994240 -2.025842
7882 -2.012381 -2.044051
7884 -2.030259 -2.061991
7886 -2.047869 -2.079656
7888 -2.065204 -2.097038
7890 -2.082257 -2.114131
7892 -2.099023 -2.130930
7894 -2.115495 -2.147428
7896 -2.131667 -2.163619
7898 -2.147534 -2.179497
7900 -2.163089 -2.195056
7902 -2.178327 -2.210289
7904 -2.193241 -2.225192
7906 -2.207826 -2.239759
7908 -2.222076 -2.253983
7910 -2.235986 -2.267860
7912 -2.249550 -2.281383
7914 -2.262763 -2.294547
7916 -2.275619 -2.307348
7918 -2.288114 -2.319779
7920 -2.300241 -2.331835
7922 -2.311997 -2.343512
7924 -2.323375 -2.354804
7926 -2.334372 -2.365707
7928 -2.344982 -2.376215
7930 -2.355200 -2.386325
7932 -2.365022 -2.396031
7934 -2.374444 -2.405328
7936 -2.383461 -2.414214
7938 -2.392068 -2.422682
7940 -2.400263 -2.430729
7942 -2.408039 -2.438352
7944 -2.415394 -2.445545
7946 -2.422323 -2.452305
7948 -2.428823 -2.458629
7950 -2.434891 -2.464512
7952 -2.440521 -2.469951
7954 -2.445712 -2.474943
7956 -2.450459 -2.479485
7958 -2.454760 -2.483572
7960 -2.458611 -2.487203
7962 -2.462010 -2.490374
7964 -2.464953 -2.493082
7966 -2.467438 -2.495325
7968 -2.469462 -2.497100
7970 -2.471022 -2.498404
7972 -2.472117 -2.499236
7974 -2.472743 -2.499593
7976 -2.472900 -2.499473
7978 -2.472584 -2.498873
7980 -2.471794 -2.497793
7982 -2.470528 -2.496231
7984 -2.468784 -2.494184
7986 -2.466561 -2.491651
7988 -2.463858 -2.488632
7990 -2.460673 -2.485125
7992 -2.457006 -2.481128
7994 -2.452854 -2.476642
7996 -2.448218 -2.471665
7998 -2.443096 -2.466196
8000 -2.437488 -2.460235
8002 -2.431394 -2.453782
8004 -2.424813 -2.446836
8006 -2.417744 -2.439398
8008 -2.410189 -2.431466
8010 -2.402146 -2.423043
8012 -2.393617 -2.414127
8014 -2.384600 -2.404719
8016 -2.375098 -2.394819
8018 -2.365110 -2.384430
8020 -2.354638 -2.373550
8022 -2.343681 -2.362182
8024 -2.332242 -2.350326
8026 -2.320320 -2.337983
8028 -2.307918 -2.325155
8030 -2.295037 -2.311844
8032 -2.281678 -2.298051
8034 -2.267843 -2.283778
8036 -2.253533 -2.269026
8038 -2.238752 -2.253798
8040 -2.223500 -2.238097
8042 -2.207780 -2.221923
8044 -2.191594 -2.205280
8046 -2.174945 -2.188170
8048 -2.157835 -2.170597
8050 -2.140267 -2.152562
8052 -2.122244 -2.134069
8054 -2.103769 -2.115121
8056 -2.084844 -2.095721
8058 -2.065473 -2.075872
8060 -2.045660 -2.055578
8062 -2.025408 -2.034843
8064 -2.004719 -2.013670
8066 -1.983599 -1.992063
8068 -1.962051 -1.970026
8070 -1.940079 -1.947563
8072 -1.917686 -1.924678
8074 -1.894878 -1.901376
8076 -1.871658 -1.877662
8078 -1.848030 -1.853539
8080 -1.824001 -1.829012
8082 -1.799573 -1.804086
8084 -1.774752 -1.778767
8086 -1.749542 -1.753058
8088 -1.723949 -1.726966
8090 -1.697978 -1.700495
8092 -1.671634 -1.673651
8094 -1.644921 -1.646439
8096 -1.617847 -1.618865
8098 -1.590415 -1.590935
8100 -1.562633 -1.562654
8102 -1.534504 -1.534028
8104 -1.506036 -1.505063
8106 -1.477234 -1.475765
8108 -1.448105 -1.446140
8110 -1.418653 -1.416195
8112 -1.388886 -1.385936
8114 -1.358810 -1.355369
8116 -1.328430 -1.324501
8118 -1.297754 -1.293338
8120 -1.266789 -1.261888
8122 -1.235540 -1.230156
8124 -1.204014 -1.198151
8126 -1.172218 -1.165877
8128 -1.140160 -1.133344
8130 -1.107845 -1.100557
8132 -1.075281 -1.067525
8134 -1.042476 -1.034253
8136 -1.009435 -1.000750
8138 -0.976167 -0.967023
8140 -0.942679 -0.933079
8142 -0.908977 -0.898925
8144 -0.875070 -0.864570
8146 -0.840965 -0.830021
8148 -0.806669 -0.795286
8150 -0.772191 -0.760371
8152 -0.737536 -0.725286
8154 -0.702714 -0.690037
8156 -0.667732 -0.654634
8158 -0.632598 -0.619083
8160 -0.597319 -0.583392
8162 -0.561904 -0.547570
8164 -0.526359 -0.511625
8166 -0.490695 -0.475564
8168 -0.454917 -0.439396
8170 -0.419034 -0.403129
8172 -0.383055 -0.366771
8174 -0.346987 -0.330331
8176 -0.310838 -0.293815
8178 -0.274617 -0.257234
8180 -0.238331 -0.220594
8182 -0.201989 -0.183904
8184 -0.165599 -0.147173
8186 -0.129169 -0.110409
8188 -0.092707 -0.073620
8190 -0.056222 -0.036814
