0 -0.019721 -0.465731
2 0.016787 -0.093706
4 0.053294 -0.298294
6 0.089791 0.256653
8 0.126272 -0.692058
10 0.162726 0.120274
12 0.199147 0.547097
14 0.235526 0.986980
16 0.271855 -0.050933
18 0.308125 1.302223
20 0.344329 -0.140277
22 0.380459 -0.206976
24 0.416505 -0.305118
26 0.452461 -0.322188
28 0.488319 0.681621
30 0.524069 -0.331512
32 0.559705 -0.251454
34 0.595218 -0.096339
36 0.630600 1.192783
38 0.665844 1.669120
40 0.700941 0.238263
42 0.735884 1.298614
44 0.770666 0.084221
46 0.805277 0.958525
48 0.839712 1.466119
50 0.873961 0.722028
52 0.908019 1.131660
54 0.941876 0.863667
56 0.975526 1.781591
58 1.008961 0.659234
60 1.042174 0.138563
62 1.075157 0.415667
64 1.107905 1.627805
66 1.140408 0.865002
68 1.172661 1.659504
70 1.204656 1.885386
72 1.236387 1.897382
74 1.267846 1.081195
76 1.299027 1.709476
78 1.329923 0.646115
80 1.360528 1.145685
82 1.390835 2.294122
84 1.420838 1.126781
86 1.450530 1.490999
88 1.479905 0.585237
90 1.508956 2.384665
92 1.537679 1.698806
94 1.566067 0.836263
96 1.594113 0.754081
98 1.621813 1.320740
100 1.649161 0.898062
102 1.676150 1.348688
104 1.702776 0.939510
106 1.729033 1.266405
108 1.754916 2.555463
110 1.780420 2.618179
112 1.805539 2.165461
114 1.830269 1.828816
116 1.854605 1.588399
118 1.878542 2.018666
120 1.902075 2.524937
122 1.925201 1.729339
124 1.947914 2.402425
126 1.970211 2.086783
128 1.992087 2.494571
130 2.013538 1.928595
132 2.034561 1.805527
134 2.055151 2.192267
136 2.075305 2.777329
138 2.095019 1.250045
140 2.114290 2.541210
142 2.133115 1.593919
144 2.151490 1.183448
146 2.169413 1.275953
148 2.186880 2.661871
150 2.203889 1.314948
152 2.220436 3.176516
154 2.236521 1.846542
156 2.252139 1.607380
158 2.267290 1.357413
160 2.281970 2.565095
162 2.296178 1.874608
164 2.309911 2.046983
166 2.323169 2.817571
168 2.335949 2.426436
170 2.348250 1.860706
172 2.360071 2.667231
174 2.371410 1.796989
176 2.382267 2.868621
178 2.392639 1.409137
180 2.402528 2.943976
182 2.411931 2.497103
184 2.420848 2.217661
186 2.429280 2.401646
188 2.437225 1.615617
190 2.444683 1.720877
192 2.451655 3.316235
194 2.458141 2.384925
196 2.464140 2.855155
198 2.469653 3.014250
200 2.474681 2.534782
202 2.479225 2.275757
204 2.483284 3.467598
206 2.486860 2.558157
208 2.489955 2.372598
210 2.492568 2.931787
212 2.494703 2.657324
214 2.496359 2.315707
216 2.497538 1.527773
218 2.498242 2.997477
220 2.498474 2.389705
222 2.498234 2.793749
224 2.497525 1.557748
226 2.496350 3.107622
228 2.494709 2.268015
230 2.492606 2.627133
232 2.490044 1.598024
234 2.487025 1.552186
236 2.483551 3.028803
238 2.479626 3.059566
240 2.475253 1.542983
242 2.470434 2.543680
244 2.465174 2.117312
246 2.459475 2.311532
248 2.453341 1.486961
250 2.446775 2.265815
252 2.439782 2.557051
254 2.432364 3.320098
256 2.424527 3.160407
258 2.416273 1.915141
260 2.407607 2.831056
262 2.398534 2.186172
264 2.389057 2.676660
266 2.379181 2.779697
268 2.368911 3.221157
270 2.358250 1.522371
272 2.347205 2.181383
274 2.335779 2.345662
276 2.323978 2.303041
278 2.311806 2.172395
280 2.299269 1.805150
282 2.286372 3.154023
284 2.273120 1.427176
286 2.259518 1.824174
288 2.245572 2.723653
290 2.231288 2.158415
292 2.216670 2.916229
294 2.201725 2.788778
296 2.186458 2.180358
298 2.170875 2.417920
300 2.154982 2.324834
302 2.138784 2.203902
304 2.122289 1.446698
306 2.105502 2.932243
308 2.088428 3.010989
310 2.071075 1.435127
312 2.053449 1.705893
314 2.035555 2.082689
316 2.017400 1.277133
318 1.998991 1.395906
320 1.980334 2.535572
322 1.961435 2.654498
324 1.942301 2.137384
326 1.922940 1.776958
328 1.903356 2.008761
330 1.883557 1.943360
332 1.863550 1.894813
334 1.843342 2.796697
336 1.822939 0.907044
338 1.802348 0.827742
340 1.781576 1.611235
342 1.760629 1.366977
344 1.739515 2.649568
346 1.718241 1.719608
348 1.696813 1.886111
350 1.675239 2.082308
352 1.653525 2.601594
354 1.631679 1.540750
356 1.609706 1.624678
358 1.587616 1.551068
360 1.565413 0.743644
362 1.543107 0.750673
364 1.520702 0.572640
366 1.498207 1.024836
368 1.475628 0.534546
370 1.452973 0.452697
372 1.430249 1.346767
374 1.407461 1.145269
376 1.384618 1.458527
378 1.361727 1.565630
380 1.338794 1.501764
382 1.315826 0.973812
384 1.292830 1.219223
386 1.269813 0.657876
388 1.246782 1.789374
390 1.223744 0.286702
392 1.200706 1.680298
394 1.177674 0.783816
396 1.154655 0.203812
398 1.131656 1.728747
400 1.108683 0.774159
402 1.085743 0.999036
404 1.062844 0.301291
406 1.039990 0.651052
408 1.017189 1.967902
410 0.994448 1.458759
412 0.971772 0.026973
414 0.949168 1.885519
416 0.926643 0.338085
418 0.904202 1.012919
420 0.881852 0.820675
422 0.859599 0.488760
424 0.837449 1.193682
426 0.815408 0.846571
428 0.793482 0.990119
430 0.771677 1.228112
432 0.749999 0.822598
434 0.728454 -0.116258
436 0.707046 -0.056168
438 0.685783 -0.124765
440 0.664669 1.067199
442 0.643709 1.087191
444 0.622910 0.514450
446 0.602277 -0.024332
448 0.581814 1.458183
450 0.561528 0.040831
452 0.541422 0.023282
454 0.521503 0.923304
456 0.501774 0.633379
458 0.482242 0.059726
460 0.462909 0.508569
462 0.443782 1.287920
464 0.424865 0.962979
466 0.406162 0.737875
468 0.387677 -0.109259
470 0.369415 0.906354
472 0.351380 0.195756
474 0.333577 -0.059579
476 0.316008 0.838093
478 0.298678 0.603498
480 0.281591 1.046350
482 0.264751 -0.224959
484 0.248160 -0.768303
486 0.231823 0.402533
488 0.215743 0.807067
490 0.199923 0.430108
492 0.184367 -0.138347
494 0.169076 -0.116741
496 0.154056 0.589896
498 0.139307 0.103843
500 0.124834 0.079017
502 0.110638 -0.000369
504 0.096722 -0.444576
506 0.083089 0.979547
508 0.069741 0.382900
510 0.056680 -0.557446
512 0.043908 -0.529510
514 0.031428 0.877273
516 0.019240 0.857735
518 0.007348 0.616337
520 -0.004248 -0.530146
522 -0.015546 -0.080659
524 -0.026545 0.477263
526 -0.037242 -0.974409
528 -0.047638 -0.730495
530 -0.057730 -1.000403
532 -0.067519 0.582612
534 -0.077002 0.134765
536 -0.086180 -0.371880
538 -0.095051 0.127161
540 -0.103615 -0.537176
542 -0.111872 -0.583117
544 -0.119822 0.662211
546 -0.127463 -0.528134
548 -0.134797 0.613834
550 -0.141822 0.280500
552 -0.148540 0.729729
554 -0.154950 -0.680501
556 -0.161053 -0.976250
558 -0.166849 0.195315
560 -0.172339 0.314445
562 -0.177523 0.008997
564 -0.182402 -0.883990
566 -0.186978 -1.194524
568 -0.191251 -0.061602
570 -0.195222 0.462712
572 -0.198892 -0.774522
574 -0.202263 0.399679
576 -0.205336 0.343813
578 -0.208113 -0.900228
580 -0.210595 0.044995
582 -0.212784 -1.145244
584 -0.214681 0.071997
586 -0.216290 -0.413377
588 -0.217611 -1.044123
590 -0.218646 0.427879
592 -0.219399 -0.316877
594 -0.219871 0.645599
596 -0.220065 -0.320360
598 -0.219983 0.437803
600 -0.219627 -0.091440
602 -0.219001 0.287182
604 -0.218107 -0.992005
606 -0.216947 -0.267651
608 -0.215526 -1.071433
610 -0.213846 -1.201034
612 -0.211909 -0.802723
614 -0.209720 -1.150310
616 -0.207281 -0.683501
618 -0.204595 -0.574623
620 -0.201667 0.255345
622 -0.198499 -1.153048
624 -0.195096 0.655724
626 -0.191460 0.597725
628 -0.187596 -1.116506
630 -0.183507 -0.170436
632 -0.179197 0.299935
634 -0.174671 -0.647793
636 -0.169931 -0.524104
638 -0.164982 -0.106497
640 -0.159829 -0.295479
642 -0.154474 0.775906
644 -0.148924 0.005436
646 -0.143181 -0.964453
648 -0.137250 -0.376899
650 -0.131136 0.223122
652 -0.124842 0.726168
654 -0.118374 0.569598
656 -0.111737 0.132427
658 -0.104933 -0.330451
660 -0.097969 0.270882
662 -0.090849 -0.696084
664 -0.083578 -0.781181
666 -0.076160 0.539838
668 -0.068599 0.295814
670 -0.060902 -0.594756
672 -0.053073 0.594692
674 -0.045117 0.746735
676 -0.037038 -0.493937
678 -0.028842 -0.840462
680 -0.020533 -0.582588
682 -0.012117 -0.996600
684 -0.003598 -0.755085
686 0.005018 -0.692258
688 0.013726 0.831662
690 0.022522 -0.645368
692 0.031399 0.358972
694 0.040354 0.348467
696 0.049381 -0.081321
698 0.058474 1.041449
700 0.067629 -0.556934
702 0.076841 0.818589
704 0.086104 1.006820
706 0.095413 0.631830
708 0.104764 1.031119
710 0.114150 -0.199645
712 0.123568 0.018637
714 0.133011 0.914029
716 0.142474 -0.480437
718 0.151954 -0.706645
720 0.161443 -0.281628
722 0.170939 0.917564
724 0.180434 -0.283455
726 0.189925 0.048454
728 0.199406 0.560494
730 0.208872 1.107124
732 0.218318 0.539985
734 0.227740 0.232849
736 0.237132 0.922759
738 0.246490 1.106049
740 0.255808 0.443359
742 0.265082 -0.618011
744 0.274307 1.141993
746 0.283478 0.711431
748 0.292591 -0.296608
750 0.301641 0.977715
752 0.310623 1.060424
754 0.319532 1.046933
756 0.328364 0.300873
758 0.337115 -0.056167
760 0.345780 1.043074
762 0.354355 0.688522
764 0.362835 -0.303169
766 0.371216 0.974068
768 0.379493 0.234236
770 0.387664 -0.368506
772 0.395722 -0.332415
774 0.403665 1.135613
776 0.411488 1.417809
778 0.419187 0.048950
780 0.426759 1.280265
782 0.434199 -0.023044
784 0.441504 -0.203244
786 0.448670 -0.183487
788 0.455694 0.834574
790 0.462571 1.155878
792 0.469299 -0.288259
794 0.475874 0.152153
796 0.482292 0.155833
798 0.488551 1.391142
800 0.494647 0.004412
802 0.500576 1.335006
804 0.506337 1.498592
806 0.511926 -0.138442
808 0.517339 0.751335
810 0.522575 -0.103316
812 0.527631 1.523837
814 0.532503 0.486253
816 0.537189 -0.391887
818 0.541688 0.479285
820 0.545996 1.074821
822 0.550111 1.286170
824 0.554030 -0.206872
826 0.557753 1.387407
828 0.561276 0.866527
830 0.564598 0.624294
832 0.567716 1.606581
834 0.570630 1.112656
836 0.573337 0.329432
838 0.575836 1.585021
840 0.578125 -0.286530
842 0.580203 0.152927
844 0.582068 0.096707
846 0.583720 0.036596
848 0.585156 0.487594
850 0.586377 1.441367
852 0.587380 -0.305357
854 0.588166 0.693744
856 0.588733 0.080327
858 0.589081 0.329846
860 0.589209 0.556985
862 0.589117 0.549736
864 0.588804 0.122922
866 0.588269 0.506896
868 0.587514 0.856043
870 0.586537 1.312619
872 0.585338 0.835742
874 0.583919 0.806032
876 0.582277 0.219206
878 0.580415 0.858567
880 0.578333 -0.305396
882 0.576030 -0.301909
884 0.573507 0.543781
886 0.570765 -0.118037
888 0.567805 1.475125
890 0.564628 -0.204458
892 0.561234 0.887309
894 0.557624 1.458793
896 0.553799 1.281536
898 0.549761 1.586551
900 0.545511 1.410316
902 0.541050 1.358423
904 0.536380 0.100034
906 0.531502 -0.135055
908 0.526417 -0.249466
910 0.521128 0.940966
912 0.515636 -0.342298
914 0.509943 -0.205147
916 0.504051 -0.017097
918 0.497963 0.084972
920 0.491679 0.470626
922 0.485202 0.885035
924 0.478535 0.979312
926 0.471680 0.937844
928 0.464639 -0.263842
930 0.457415 0.179749
932 0.450010 0.595263
934 0.442427 0.917342
936 0.434669 1.332103
938 0.426738 1.161911
940 0.418638 0.124708
942 0.410371 1.377101
944 0.401940 1.212229
946 0.393349 1.022786
948 0.384600 -0.384333
950 0.375696 1.046500
952 0.366642 1.180250
954 0.357440 0.867911
956 0.348093 0.873473
958 0.338606 0.833446
960 0.328981 0.829832
962 0.319222 0.663099
964 0.309333 0.575349
966 0.299317 1.317745
968 0.289178 0.920547
970 0.278920 0.723235
972 0.268547 0.661135
974 0.258063 0.985967
976 0.247470 0.931319
978 0.236775 1.063001
980 0.225979 -0.504151
982 0.215088 -0.166984
984 0.204105 0.385480
986 0.193035 0.919187
988 0.181882 -0.778324
990 0.170649 0.579448
992 0.159342 -0.436059
994 0.147964 0.289340
996 0.136520 -0.023218
998 0.125013 -0.616176
1000 0.113449 -0.052992
1002 0.101832 0.605413
1004 0.090165 -0.726800
1006 0.078454 -0.319955
1008 0.066703 0.157720
1010 0.054916 -0.572722
1012 0.043097 -0.725982
1014 0.031252 -0.105325
1016 0.019384 0.861291
1018 0.007498 0.723153
1020 -0.004401 -0.686498
1022 -0.016309 0.286379
1024 -0.028222 -0.008466
1026 -0.040135 0.504308
1028 -0.052043 0.229899
1030 -0.063942 -0.451684
1032 -0.075827 -0.125627
1034 -0.087695 -0.451406
1036 -0.099540 -0.797301
1038 -0.111358 -0.514910
1040 -0.123144 -0.697905
1042 -0.134895 -0.599733
1044 -0.146605 0.031156
1046 -0.158270 0.412063
1048 -0.169887 -0.944516
1050 -0.181449 0.000503
1052 -0.192954 -0.249082
1054 -0.204396 -0.609342
1056 -0.215772 -0.927011
1058 -0.227077 0.522840
1060 -0.238307 -0.418307
1062 -0.249457 -0.160649
1064 -0.260523 -0.040180
1066 -0.271502 -0.301266
1068 -0.282389 0.375572
1070 -0.293179 -1.013897
1072 -0.303870 0.007012
1074 -0.314456 0.543071
1076 -0.324934 -0.213218
1078 -0.335300 -0.213136
1080 -0.345550 0.197373
1082 -0.355680 0.044046
1084 -0.365687 -0.970361
1086 -0.375565 -0.842046
1088 -0.385313 -0.469937
1090 -0.394926 0.253917
1092 -0.404401 -0.286680
1094 -0.413733 0.424155
1096 -0.422921 -1.165110
1098 -0.431959 -0.038954
1100 -0.440845 -1.033097
1102 -0.449575 -0.792747
1104 -0.458147 0.444162
1106 -0.466556 0.093460
1108 -0.474801 -1.272768
1110 -0.482877 -1.379964
1112 -0.490782 -0.773219
1114 -0.498513 -0.376654
1116 -0.506066 -0.831786
1118 -0.513440 -0.530446
1120 -0.520632 -0.671831
1122 -0.527639 -0.055979
1124 -0.534458 -1.484923
1126 -0.541086 -1.493860
1128 -0.547522 -1.127196
1130 -0.553764 0.132508
1132 -0.559808 -1.254179
1134 -0.565653 0.145017
1136 -0.571296 -0.047697
1138 -0.576736 -0.179254
1140 -0.581971 -0.768666
1142 -0.586998 -0.539674
1144 -0.591817 -0.813478
1146 -0.596425 -0.406337
1148 -0.600820 -0.038196
1150 -0.605002 0.070813
1152 -0.608969 -0.787622
1154 -0.612719 -0.949645
1156 -0.616252 -0.119508
1158 -0.619565 -0.557061
1160 -0.622659 -1.582931
1162 -0.625532 0.262909
1164 -0.628183 0.075395
1166 -0.630612 0.295965
1168 -0.632817 -0.199531
1170 -0.634798 0.255926
1172 -0.636555 -1.621671
1174 -0.638087 -1.501566
1176 -0.639394 -0.640865
1178 -0.640476 -0.965095
1180 -0.641332 -0.535334
1182 -0.641963 0.192111
1184 -0.642368 -1.508326
1186 -0.642547 -0.499761
1188 -0.642502 0.226301
1190 -0.642231 -1.100116
1192 -0.641737 -0.824691
1194 -0.641018 -1.478362
1196 -0.640076 -1.398835
1198 -0.638912 -1.309584
1200 -0.637525 -0.088482
1202 -0.635918 -0.592248
1204 -0.634091 -0.268101
1206 -0.632045 -1.315116
1208 -0.629782 -1.406273
1210 -0.627302 -0.708737
1212 -0.624607 0.358285
1214 -0.621698 -0.586504
1216 -0.618578 -0.046415
1218 -0.615247 -0.144907
1220 -0.611707 -1.523127
1222 -0.607961 -0.005015
1224 -0.604009 -0.254006
1226 -0.599855 0.183689
1228 -0.595499 -0.074435
1230 -0.590945 -0.815961
1232 -0.586195 0.079917
1234 -0.581250 -0.053312
1236 -0.576114 -0.672479
1238 -0.570788 -0.913884
1240 -0.565276 -1.369564
1242 -0.559580 0.442571
1244 -0.553703 -1.070085
1246 -0.547648 -1.225138
1248 -0.541417 -0.403612
1250 -0.535014 -1.189618
1252 -0.528441 -0.670738
1254 -0.521703 0.426324
1256 -0.514801 -1.013479
1258 -0.507740 -0.415437
1260 -0.500523 -1.229725
1262 -0.493153 -1.449263
1264 -0.485634 -1.356061
1266 -0.477970 0.152491
1268 -0.470163 -1.115604
1270 -0.462219 -1.115333
1272 -0.454140 -0.911252
1274 -0.445930 -1.114562
1276 -0.437594 -0.061546
1278 -0.429136 -1.320069
1280 -0.420559 0.375208
1282 -0.411868 0.046859
1284 -0.403067 0.303079
1286 -0.394160 -0.254225
1288 -0.385151 -0.148688
1290 -0.376045 -0.154618
1292 -0.366846 0.542311
1294 -0.357559 -0.460730
1296 -0.348188 -0.604555
1298 -0.338738 -0.531669
1300 -0.329213 0.218805
1302 -0.319617 -0.385986
1304 -0.309957 -0.506451
1306 -0.300236 -1.274317
1308 -0.290459 -0.040040
1310 -0.280631 0.654949
1312 -0.270757 -0.905185
1314 -0.260842 -1.158478
1316 -0.250890 0.626940
1318 -0.240907 -0.379810
1320 -0.230897 -0.042050
1322 -0.220866 -1.078083
1324 -0.210819 -0.311705
1326 -0.200760 0.111757
1328 -0.190695 0.576612
1330 -0.180628 0.067073
1332 -0.170566 0.482829
1334 -0.160512 -0.856365
1336 -0.150473 0.422508
1338 -0.140453 -0.117142
1340 -0.130458 -0.723420
1342 -0.120493 0.242034
1344 -0.110562 -0.634793
1346 -0.100671 -0.993807
1348 -0.090826 -0.594734
1350 -0.081031 0.624779
1352 -0.071292 0.250525
1354 -0.061614 -0.662895
1356 -0.052002 -0.455947
1358 -0.042461 -0.983652
1360 -0.032997 0.166094
1362 -0.023614 -0.886297
1364 -0.014318 -0.028691
1366 -0.005114 0.990610
1368 0.003993 -0.839702
1370 0.012998 -0.757947
1372 0.021895 0.946149
1374 0.030681 -0.454553
1376 0.039349 -0.636404
1378 0.047895 0.842747
1380 0.056313 0.424885
1382 0.064599 0.570342
1384 0.072748 1.002973
1386 0.080755 -0.659028
1388 0.088615 -0.100653
1390 0.096323 0.786270
1392 0.103874 0.604150
1394 0.111264 -0.432307
1396 0.118489 1.104829
1398 0.125542 0.190992
1400 0.132420 0.604300
1402 0.139119 -0.475415
1404 0.145633 -0.434354
1406 0.151958 1.091594
1408 0.158090 -0.357640
1410 0.164025 0.072023
1412 0.169757 0.807053
1414 0.175284 0.973177
1416 0.180600 0.479084
1418 0.185702 -0.589221
1420 0.190585 1.038977
1422 0.195246 -0.315525
1424 0.199681 -0.446302
1426 0.203886 0.029495
1428 0.207857 -0.315628
1430 0.211590 -0.286552
1432 0.215081 0.261259
1434 0.218328 -0.389410
1436 0.221327 0.229426
1438 0.224074 0.585958
1440 0.226565 -0.594873
1442 0.228799 -0.403092
1444 0.230771 0.089829
1446 0.232479 -0.667307
1448 0.233919 -0.146328
1450 0.235088 0.896309
1452 0.235985 1.017582
1454 0.236605 -0.651920
1456 0.236947 -0.653946
1458 0.237007 0.996419
1460 0.236784 0.405203
1462 0.236275 0.808780
1464 0.235478 -0.628099
1466 0.234390 0.814397
1468 0.233010 0.736760
1470 0.231336 -0.156324
1472 0.229365 -0.290940
1474 0.227095 0.359877
1476 0.224526 -0.373455
1478 0.221656 0.991673
1480 0.218483 0.568238
1482 0.215005 -0.542627
1484 0.211222 -0.537508
1486 0.207132 0.902999
1488 0.202735 0.262882
1490 0.198029 -0.081937
1492 0.193013 -0.616931
1494 0.187687 -0.713570
1496 0.182051 0.286856
1498 0.176102 0.366864
1500 0.169842 0.623175
1502 0.163270 0.439447
1504 0.156386 0.708177
1506 0.149189 -0.545386
1508 0.141679 0.511223
1510 0.133858 -0.701323
1512 0.125724 1.085772
1514 0.117279 0.261953
1516 0.108523 -0.621513
1518 0.099457 -0.837577
1520 0.090080 -0.011878
1522 0.080394 0.512883
1524 0.070401 0.700132
1526 0.060100 0.088984
1528 0.049493 0.056571
1530 0.038582 0.166814
1532 0.027368 0.663515
1534 0.015851 0.497725
1536 0.004035 -0.739670
1538 -0.008080 -0.974446
1540 -0.020491 0.227058
1542 -0.033197 0.568707
1544 -0.046196 -0.774141
1546 -0.059485 0.435591
1548 -0.073063 0.221173
1550 -0.086926 0.241954
1552 -0.101073 -0.889067
1554 -0.115500 0.365909
1556 -0.130205 0.294759
1558 -0.145186 0.169197
1560 -0.160439 -0.490462
1562 -0.175961 -0.299619
1564 -0.191749 -0.602901
1566 -0.207800 -0.987498
1568 -0.224111 -0.043559
1570 -0.240678 0.716753
1572 -0.257497 -0.873078
1574 -0.274565 -0.134405
1576 -0.291878 -0.189947
1578 -0.309433 -0.654953
1580 -0.327224 -0.123728
1582 -0.345249 -1.344628
1584 -0.363504 -1.275606
1586 -0.381983 -0.547541
1588 -0.400682 -0.369675
1590 -0.419598 -0.322828
1592 -0.438725 0.526037
1594 -0.458059 -0.788517
1596 -0.477595 -0.896264
1598 -0.497329 -1.273278
1600 -0.517255 -0.810779
1602 -0.537369 0.295124
1604 -0.557665 0.272215
1606 -0.578139 -0.595365
1608 -0.598785 -0.266653
1610 -0.619598 -0.490597
1612 -0.640572 -1.323710
1614 -0.661702 -0.112029
1616 -0.682982 -1.066708
1618 -0.704408 0.043615
1620 -0.725972 -0.855386
1622 -0.747670 -0.454553
1624 -0.769496 -1.137926
1626 -0.791443 -0.324463
1628 -0.813506 -0.292199
1630 -0.835679 -0.015326
1632 -0.857955 -0.424968
1634 -0.880329 0.034321
1636 -0.902794 -0.933010
1638 -0.925344 -1.380804
1640 -0.947973 -1.368870
1642 -0.970674 -1.787069
1644 -0.993441 -1.437601
1646 -1.016268 -1.338234
1648 -1.039147 -1.009712
1650 -1.062073 -0.463481
1652 -1.085038 -0.298135
1654 -1.108036 -1.101383
1656 -1.131061 -1.850114
1658 -1.154106 -1.772700
1660 -1.177163 -0.932929
1662 -1.200227 -1.198915
1664 -1.223289 -1.995145
1666 -1.246345 -1.157627
1668 -1.269385 -2.270340
1670 -1.292405 -0.716811
1672 -1.315395 -2.082004
1674 -1.338351 -2.006415
1676 -1.361264 -1.219615
1678 -1.384129 -1.517726
1680 -1.406936 -2.309886
1682 -1.429681 -2.400001
1684 -1.452355 -2.275041
1686 -1.474952 -1.728189
1688 -1.497464 -0.982314
1690 -1.519885 -0.802426
1692 -1.542208 -1.955911
1694 -1.564425 -1.596763
1696 -1.586529 -0.934555
1698 -1.608514 -1.032228
1700 -1.630372 -1.097629
1702 -1.652096 -2.400144
1704 -1.673680 -0.892582
1706 -1.695116 -2.584996
1708 -1.716397 -1.764548
1710 -1.737516 -1.904797
1712 -1.758467 -1.027248
1714 -1.779243 -2.017666
1716 -1.799836 -0.937322
1718 -1.820240 -2.784620
1720 -1.840447 -1.673703
1722 -1.860452 -1.729638
1724 -1.880247 -1.818949
1726 -1.899826 -1.480273
1728 -1.919181 -2.674692
1730 -1.938307 -1.852715
1732 -1.957196 -1.936516
1734 -1.975843 -2.472146
1736 -1.994240 -1.550619
1738 -2.012381 -2.823685
1740 -2.030259 -1.633525
1742 -2.047869 -1.480300
1744 -2.065204 -2.819671
1746 -2.082257 -1.480796
1748 -2.099023 -2.757029
1750 -2.115495 -1.326905
1752 -2.131667 -1.784602
1754 -2.147534 -2.190863
1756 -2.163089 -2.378227
1758 -2.178327 -2.150453
1760 -2.193241 -2.631232
1762 -2.207826 -2.860956
1764 -2.222076 -1.912779
1766 -2.235986 -2.863207
1768 -2.249550 -2.762693
1770 -2.262763 -2.971560
1772 -2.275619 -2.039880
1774 -2.288114 -3.039619
1776 -2.300241 -2.216872
1778 -2.311997 -2.182989
1780 -2.323375 -3.008348
1782 -2.334372 -3.053194
1784 -2.344982 -3.053950
1786 -2.355200 -1.947525
1788 -2.365022 -1.632809
1790 -2.374444 -2.807315
1792 -2.383461 -2.858468
1794 -2.392068 -2.607336
1796 -2.400263 -2.297493
1798 -2.408039 -3.407383
1800 -2.415394 -2.409833
1802 -2.422323 -2.890603
1804 -2.428823 -1.828304
1806 -2.434891 -2.151433
1808 -2.440521 -3.274914
1810 -2.445712 -3.470717
1812 -2.450459 -2.345882
1814 -2.454760 -1.909518
1816 -2.458611 -2.494343
1818 -2.462010 -1.539943
1820 -2.464953 -2.859192
1822 -2.467438 -1.908504
1824 -2.469462 -3.167867
1826 -2.471022 -1.523310
1828 -2.472117 -1.507763
1830 -2.472743 -2.651669
1832 -2.472900 -3.201391
1834 -2.472584 -2.239932
1836 -2.471794 -2.369710
1838 -2.470528 -2.083186
1840 -2.468784 -3.074720
1842 -2.466561 -2.017112
1844 -2.463858 -1.763075
1846 -2.460673 -2.743395
1848 -2.457006 -2.567789
1850 -2.452854 -1.987863
1852 -2.448218 -2.131922
1854 -2.443096 -1.997111
1856 -2.437488 -3.156110
1858 -2.431394 -2.980803
1860 -2.424813 -1.946782
1862 -2.417744 -2.099561
1864 -2.410189 -2.396785
1866 -2.402146 -2.292664
1868 -2.393617 -2.761211
1870 -2.384600 -2.175001
1872 -2.375098 -2.260215
1874 -2.365110 -1.597912
1876 -2.354638 -2.569778
1878 -2.343681 -3.234716
1880 -2.332242 -1.613377
1882 -2.320320 -1.900321
1884 -2.307918 -1.610869
1886 -2.295037 -3.245663
1888 -2.281678 -1.885295
1890 -2.267843 -1.578018
1892 -2.253533 -2.354921
1894 -2.238752 -1.542961
1896 -2.223500 -2.273396
1898 -2.207780 -3.179735
1900 -2.191594 -2.081398
1902 -2.174945 -1.804006
1904 -2.157835 -1.653869
1906 -2.140267 -2.303123
1908 -2.122244 -3.008175
1910 -2.103769 -2.685054
1912 -2.084844 -2.757502
1914 -2.065473 -1.610235
1916 -2.045660 -1.156426
1918 -2.025408 -2.392500
1920 -2.004719 -1.075054
1922 -1.983599 -1.592856
1924 -1.962051 -0.987846
1926 -1.940079 -1.974266
1928 -1.917686 -2.395093
1930 -1.894878 -2.266281
1932 -1.871658 -2.674647
1934 -1.848030 -1.189348
1936 -1.824001 -2.407399
1938 -1.799573 -1.797299
1940 -1.774752 -0.987111
1942 -1.749542 -2.594497
1944 -1.723949 -2.282516
1946 -1.697978 -1.194554
1948 -1.671634 -2.448909
1950 -1.644921 -0.789233
1952 -1.617847 -1.407165
1954 -1.590415 -1.452088
1956 -1.562633 -0.994610
1958 -1.534504 -2.357626
1960 -1.506036 -1.324027
1962 -1.477234 -1.783839
1964 -1.448105 -0.885574
1966 -1.418653 -1.718432
1968 -1.388886 -0.844571
1970 -1.358810 -0.668910
1972 -1.328430 -1.196671
1974 -1.297754 -0.413756
1976 -1.266789 -1.109792
1978 -1.235540 -1.203175
1980 -1.204014 -1.676225
1982 -1.172218 -1.075166
1984 -1.140160 -1.707156
1986 -1.107845 -1.596452
1988 -1.075281 -2.003516
1990 -1.042476 -1.078480
1992 -1.009435 -0.861549
1994 -0.976167 -1.700000
1996 -0.942679 -1.313116
1998 -0.908977 -0.338112
2000 -0.875070 -0.590760
2002 -0.840965 -1.418403
2004 -0.806669 -0.075911
2006 -0.772191 -0.042112
2008 -0.737536 0.192274
2010 -0.702714 0.254080
2012 -0.667732 -0.079168
2014 -0.632598 -0.489822
2016 -0.597319 -0.500428
2018 -0.561904 -0.404061
2020 -0.526359 -0.205963
2022 -0.490695 -1.211565
2024 -0.454917 0.396038
2026 -0.419034 -0.536902
2028 -0.383055 -0.405009
2030 -0.346987 0.046468
2032 -0.310838 -0.741128
2034 -0.274617 -1.167642
2036 -0.238331 0.035788
2038 -0.201989 0.520878
2040 -0.165599 -0.030600
2042 -0.129169 0.667899
2044 -0.092707 -0.278126
2046 -0.056222 0.505947
2048 -0.019721 -0.717587
2050 0.016787 -0.103683
2052 0.053294 -0.427845
2054 0.089791 0.532023
2056 0.126272 0.273699
2058 0.162726 0.302402
2060 0.199147 0.203022
2062 0.235526 -0.342430
2064 0.271855 0.823931
2066 0.308125 0.032133
2068 0.344329 -0.514633
2070 0.380459 0.850805
2072 0.416505 0.085316
2074 0.452461 1.169625
2076 0.488319 0.088561
2078 0.524069 1.276454
2080 0.559705 0.420962
2082 0.595218 1.501681
2084 0.630600 1.647517
2086 0.665844 0.363042
2088 0.700941 0.474112
2090 0.735884 0.715017
2092 0.770666 -0.154911
2094 0.805277 1.131534
2096 0.839712 0.908808
2098 0.873961 1.205111
2100 0.908019 0.939375
2102 0.941876 0.127834
2104 0.975526 1.085243
2106 1.008961 1.836044
2108 1.042174 1.771097
2110 1.075157 1.467464
2112 1.107905 0.794637
2114 1.140408 0.367985
2116 1.172661 0.986671
2118 1.204656 2.017975
2120 1.236387 1.582493
2122 1.267846 2.064286
2124 1.299027 0.512656
2126 1.329923 1.206090
2128 1.360528 0.858686
2130 1.390835 0.722945
2132 1.420838 0.744537
2134 1.450530 1.594434
2136 1.479905 0.505874
2138 1.508956 1.409361
2140 1.537679 1.410207
2142 1.566067 1.429316
2144 1.594113 1.376797
2146 1.621813 1.486876
2148 1.649161 2.185037
2150 1.676150 2.207253
2152 1.702776 2.522048
2154 1.729033 2.314248
2156 1.754916 1.587038
2158 1.780420 1.643405
2160 1.805539 1.696387
2162 1.830269 2.668106
2164 1.854605 1.877792
2166 1.878542 2.853244
2168 1.902075 2.541037
2170 1.925201 1.651265
2172 1.947914 2.288800
2174 1.970211 1.269714
2176 1.992087 1.919479
2178 2.013538 1.142137
2180 2.034561 1.121048
2182 2.055151 1.302287
2184 2.075305 2.973963
2186 2.095019 1.368746
2188 2.114290 2.211205
2190 2.133115 1.503554
2192 2.151490 1.730972
2194 2.169413 2.563703
2196 2.186880 2.674942
2198 2.203889 1.783109
2200 2.220436 1.488963
2202 2.236521 1.571013
2204 2.252139 2.668594
2206 2.267290 2.292576
2208 2.281970 2.455702
2210 2.296178 2.222798
2212 2.309911 1.840712
2214 2.323169 2.290716
2216 2.335949 1.822469
2218 2.348250 2.686010
2220 2.360071 3.165602
2222 2.371410 2.723948
2224 2.382267 2.533216
2226 2.392639 2.196900
2228 2.402528 2.705512
2230 2.411931 2.177797
2232 2.420848 2.927351
2234 2.429280 2.049558
2236 2.437225 2.479242
2238 2.444683 1.855476
2240 2.451655 2.177690
2242 2.458141 2.564072
2244 2.464140 2.099773
2246 2.469653 2.072339
2248 2.474681 2.832629
2250 2.479225 3.190369
2252 2.483284 2.435321
2254 2.486860 3.403527
2256 2.489955 2.574961
2258 2.492568 1.912581
2260 2.494703 1.970855
2262 2.496359 2.830517
2264 2.497538 2.233038
2266 2.498242 3.372222
2268 2.498474 1.839678
2270 2.498234 3.389621
2272 2.497525 2.280683
2274 2.496350 2.351324
2276 2.494709 2.337031
2278 2.492606 2.746100
2280 2.490044 1.667030
2282 2.487025 2.119573
2284 2.483551 2.074729
2286 2.479626 2.793167
2288 2.475253 2.898134
2290 2.470434 3.351142
2292 2.465174 1.531606
2294 2.459475 2.376372
2296 2.453341 1.942335
2298 2.446775 2.543735
2300 2.439782 2.756490
2302 2.432364 2.636927
2304 2.424527 1.617473
2306 2.416273 3.359198
2308 2.407607 3.205973
2310 2.398534 2.941085
2312 2.389057 3.035329
2314 2.379181 2.122338
2316 2.368911 2.821441
2318 2.358250 2.083403
2320 2.347205 2.504817
2322 2.335779 3.259477
2324 2.323978 1.378883
2326 2.311806 3.201095
2328 2.299269 3.093711
2330 2.286372 1.679837
2332 2.273120 3.051748
2334 2.259518 1.835670
2336 2.245572 2.493169
2338 2.231288 1.852003
2340 2.216670 3.046693
2342 2.201725 2.627300
2344 2.186458 2.441333
2346 2.170875 1.594309
2348 2.154982 1.896957
2350 2.138784 1.820028
2352 2.122289 1.430549
2354 2.105502 1.918660
2356 2.088428 2.691955
2358 2.071075 1.874352
2360 2.053449 2.970230
2362 2.035555 1.963093
2364 2.017400 1.033186
2366 1.998991 1.117309
2368 1.980334 1.860033
2370 1.961435 2.785469
2372 1.942301 2.613701
2374 1.922940 1.460089
2376 1.903356 1.482373
2378 1.883557 2.019961
2380 1.863550 2.138976
2382 1.843342 2.593743
2384 1.822939 1.897460
2386 1.802348 2.147745
2388 1.781576 2.436981
2390 1.760629 1.645954
2392 1.739515 2.495385
2394 1.718241 2.169925
2396 1.696813 2.176585
2398 1.675239 1.697641
2400 1.653525 0.745501
2402 1.631679 1.961687
2404 1.609706 1.078534
2406 1.587616 1.955950
2408 1.565413 2.340970
2410 1.543107 1.776652
2412 1.520702 0.593648
2414 1.498207 0.606013
2416 1.475628 0.546941
2418 1.452973 2.154670
2420 1.430249 1.367169
2422 1.407461 0.422001
2424 1.384618 1.040905
2426 1.361727 1.342085
2428 1.338794 0.499899
2430 1.315826 1.880651
2432 1.292830 1.126648
2434 1.269813 2.132327
2436 1.246782 0.379344
2438 1.223744 1.667738
2440 1.200706 1.231350
2442 1.177674 1.617949
2444 1.154655 1.381894
2446 1.131656 0.270215
2448 1.108683 0.928294
2450 1.085743 1.002864
2452 1.062844 1.121737
2454 1.039990 0.651005
2456 1.017189 0.422048
2458 0.994448 0.569678
2460 0.971772 1.642260
2462 0.949168 0.483571
2464 0.926643 1.869941
2466 0.904202 0.082062
2468 0.881852 1.823609
2470 0.859599 1.617942
2472 0.837449 1.288803
2474 0.815408 -0.129487
2476 0.793482 1.700479
2478 0.771677 1.335628
2480 0.749999 1.548513
2482 0.728454 0.614502
2484 0.707046 1.328080
2486 0.685783 0.183529
2488 0.664669 1.574415
2490 0.643709 1.469573
2492 0.622910 -0.270417
2494 0.602277 0.390309
2496 0.581814 1.315017
2498 0.561528 -0.154065
2500 0.541422 -0.181041
2502 0.521503 0.331189
2504 0.501774 1.272615
2506 0.482242 1.033485
2508 0.462909 0.457923
2510 0.443782 0.081292
2512 0.424865 -0.059434
2514 0.406162 -0.492326
2516 0.387677 0.684066
2518 0.369415 0.338088
2520 0.351380 0.076474
2522 0.333577 0.349033
2524 0.316008 0.867879
2526 0.298678 0.016072
2528 0.281591 0.524104
2530 0.264751 0.807761
2532 0.248160 -0.226547
2534 0.231823 -0.024592
2536 0.215743 0.863728
2538 0.199923 -0.317777
2540 0.184367 -0.457957
2542 0.169076 0.665836
2544 0.154056 0.572772
2546 0.139307 -0.831519
2548 0.124834 -0.830112
2550 0.110638 0.489722
2552 0.096722 1.002444
2554 0.083089 -0.714448
2556 0.069741 -0.712368
2558 0.056680 0.746408
2560 0.043908 -0.418401
2562 0.031428 -0.422319
2564 0.019240 -0.430526
2566 0.007348 -0.633319
2568 -0.004248 -0.855978
2570 -0.015546 0.580434
2572 -0.026545 0.020979
2574 -0.037242 -0.322654
2576 -0.047638 0.700397
2578 -0.057730 -0.663362
2580 -0.067519 0.666100
2582 -0.077002 -0.553626
2584 -0.086180 0.373772
2586 -0.095051 0.240434
2588 -0.103615 0.187007
2590 -0.111872 -0.359711
2592 -0.119822 -0.191795
2594 -0.127463 0.737805
2596 -0.134797 0.410115
2598 -0.141822 -0.516845
2600 -0.148540 -0.752217
2602 -0.154950 0.796171
2604 -0.161053 -0.991018
2606 -0.166849 0.696244
2608 -0.172339 -1.144245
2610 -0.177523 -0.914900
2612 -0.182402 0.107032
2614 -0.186978 -1.206194
2616 -0.191251 -0.679495
2618 -0.195222 0.358465
2620 -0.198892 0.517662
2622 -0.202263 -0.107105
2624 -0.205336 -1.060025
2626 -0.208113 -0.896305
2628 -0.210595 0.288556
2630 -0.212784 -0.874914
2632 -0.214681 0.737014
2634 -0.216290 -0.626101
2636 -0.217611 -0.122038
2638 -0.218646 0.523786
2640 -0.219399 -0.192560
2642 -0.219871 -0.348828
2644 -0.220065 -0.912843
2646 -0.219983 -0.692228
2648 -0.219627 -0.972593
2650 -0.219001 0.418881
2652 -0.218107 0.101371
2654 -0.216947 -0.002811
2656 -0.215526 0.326206
2658 -0.213846 -0.311377
2660 -0.211909 0.664773
2662 -0.209720 0.765383
2664 -0.207281 -0.317172
2666 -0.204595 -1.121895
2668 -0.201667 0.671968
2670 -0.198499 -0.245410
2672 -0.195096 -0.815446
2674 -0.191460 0.005369
2676 -0.187596 -0.220537
2678 -0.183507 -0.259498
2680 -0.179197 -0.396669
2682 -0.174671 -0.459640
2684 -0.169931 -1.119950
2686 -0.164982 -0.206938
2688 -0.159829 -0.103403
2690 -0.154474 0.423621
2692 -0.148924 0.175324
2694 -0.143181 -0.107361
2696 -0.137250 -0.941908
2698 -0.131136 -0.684905
2700 -0.124842 -0.320832
2702 -0.118374 0.128906
2704 -0.111737 0.229973
2706 -0.104933 0.030066
2708 -0.097969 0.700159
2710 -0.090849 0.520310
2712 -0.083578 -0.288965
2714 -0.076160 0.062491
2716 -0.068599 -0.222951
2718 -0.060902 -0.704902
2720 -0.053073 -0.992998
2722 -0.045117 -0.304535
2724 -0.037038 -0.688390
2726 -0.028842 -0.061823
2728 -0.020533 -0.181131
2730 -0.012117 -0.774431
2732 -0.003598 0.931193
2734 0.005018 0.238030
2736 0.013726 0.461475
2738 0.022522 -0.063122
2740 0.031399 -0.799802
2742 0.040354 -0.718324
2744 0.049381 0.689078
2746 0.058474 -0.713171
2748 0.067629 0.275834
2750 0.076841 -0.218936
2752 0.086104 0.899914
2754 0.095413 -0.365514
2756 0.104764 0.850686
2758 0.114150 1.128440
2760 0.123568 0.113267
2762 0.133011 -0.313403
2764 0.142474 0.406956
2766 0.151954 -0.514469
2768 0.161443 0.851455
2770 0.170939 0.234234
2772 0.180434 1.125115
2774 0.189925 -0.326246
2776 0.199406 -0.600183
2778 0.208872 -0.003072
2780 0.218318 0.055139
2782 0.227740 -0.515517
2784 0.237132 0.761294
2786 0.246490 0.426750
2788 0.255808 0.473631
2790 0.265082 -0.378019
2792 0.274307 0.684864
2794 0.283478 0.427980
2796 0.292591 0.873671
2798 0.301641 0.150398
2800 0.310623 -0.640780
2802 0.319532 1.058439
2804 0.328364 0.406766
2806 0.337115 1.013028
2808 0.345780 1.299960
2810 0.354355 -0.372817
2812 0.362835 -0.271498
2814 0.371216 1.124048
2816 0.379493 0.175554
2818 0.387664 -0.517267
2820 0.395722 1.145650
2822 0.403665 1.171560
2824 0.411488 0.041614
2826 0.419187 0.414409
2828 0.426759 -0.491611
2830 0.434199 -0.266154
2832 0.441504 1.478885
2834 0.448670 1.453207
2836 0.455694 0.216763
2838 0.462571 -0.322669
2840 0.469299 0.238239
2842 0.475874 1.049496
2844 0.482292 -0.071082
2846 0.488551 -0.243825
2848 0.494647 0.222456
2850 0.500576 1.138364
2852 0.506337 0.103617
2854 0.511926 -0.377526
2856 0.517339 0.271243
2858 0.522575 -0.328012
2860 0.527631 0.457435
2862 0.532503 0.304956
2864 0.537189 1.394922
2866 0.541688 1.518776
2868 0.545996 -0.037280
2870 0.550111 1.329865
2872 0.554030 -0.228720
2874 0.557753 0.306977
2876 0.561276 1.060203
2878 0.564598 0.543764
2880 0.567716 0.377389
2882 0.570630 0.784397
2884 0.573337 0.284850
2886 0.575836 0.979635
2888 0.578125 -0.249330
2890 0.580203 0.336468
2892 0.582068 1.248211
2894 0.583720 -0.244075
2896 0.585156 0.307829
2898 0.586377 -0.024941
2900 0.587380 -0.064574
2902 0.588166 1.040477
2904 0.588733 1.511363
2906 0.589081 0.343714
2908 0.589209 1.268750
2910 0.589117 0.198817
2912 0.588804 -0.059853
2914 0.588269 -0.176314
2916 0.587514 0.266039
2918 0.586537 0.649752
2920 0.585338 -0.072165
2922 0.583919 1.149626
2924 0.582277 1.375042
2926 0.580415 -0.262531
2928 0.578333 1.077689
2930 0.576030 -0.258173
2932 0.573507 1.466379
2934 0.570765 1.243202
2936 0.567805 0.438431
2938 0.564628 0.911815
2940 0.561234 0.168018
2942 0.557624 1.192907
2944 0.553799 0.069551
2946 0.549761 0.822677
2948 0.545511 0.539044
2950 0.541050 0.183638
2952 0.536380 1.519701
2954 0.531502 0.145177
2956 0.526417 0.295079
2958 0.521128 0.180868
2960 0.515636 0.471627
2962 0.509943 0.580180
2964 0.504051 -0.430462
2966 0.497963 0.329933
2968 0.491679 1.269821
2970 0.485202 1.183436
2972 0.478535 0.873353
2974 0.471680 -0.445735
2976 0.464639 1.351348
2978 0.457415 1.483786
2980 0.450010 0.548816
2982 0.442427 -0.375375
2984 0.434669 0.979735
2986 0.426738 0.271301
2988 0.418638 -0.289106
2990 0.410371 0.407819
2992 0.401940 0.365355
2994 0.393349 -0.468431
2996 0.384600 0.007624
2998 0.375696 1.162931
3000 0.366642 0.805307
3002 0.357440 0.540576
3004 0.348093 0.724018
3006 0.338606 1.246518
3008 0.328981 -0.261377
3010 0.319222 -0.357627
3012 0.309333 -0.186364
3014 0.299317 -0.353798
3016 0.289178 0.180052
3018 0.278920 0.506066
3020 0.268547 0.229495
3022 0.258063 1.059397
3024 0.247470 -0.500522
3026 0.236775 0.217996
3028 0.225979 -0.185759
3030 0.215088 1.200370
3032 0.204105 -0.161124
3034 0.193035 1.131621
3036 0.181882 1.205450
3038 0.170649 -0.351967
3040 0.159342 1.080413
3042 0.147964 0.226667
3044 0.136520 -0.247348
3046 0.125013 0.547927
3048 0.113449 0.993725
3050 0.101832 -0.032531
3052 0.090165 -0.531979
3054 0.078454 -0.120112
3056 0.066703 0.028560
3058 0.054916 0.014055
3060 0.043097 -0.409709
3062 0.031252 -0.609429
3064 0.019384 -0.879266
3066 0.007498 0.889972
3068 -0.004401 -0.777530
3070 -0.016309 -0.545388
3072 -0.028222 -0.862373
3074 -0.040135 -0.348437
3076 -0.052043 -0.273410
3078 -0.063942 -0.046086
3080 -0.075827 0.804460
3082 -0.087695 0.613645
3084 -0.099540 -0.318272
3086 -0.111358 -1.016664
3088 -0.123144 -0.477859
3090 -0.134895 0.197688
3092 -0.146605 -1.103245
3094 -0.158270 0.085504
3096 -0.169887 0.065339
3098 -0.181449 -1.150124
3100 -0.192954 0.492945
3102 -0.204396 -0.083015
3104 -0.215772 -0.140311
3106 -0.227077 -0.959264
3108 -0.238307 -0.727877
3110 -0.249457 -0.327231
3112 -0.260523 -0.160228
3114 -0.271502 -0.416014
3116 -0.282389 0.408831
3118 -0.293179 -1.263106
3120 -0.303870 0.479041
3122 -0.314456 -1.107396
3124 -0.324934 -0.966531
3126 -0.335300 0.518335
3128 -0.345550 -1.286275
3130 -0.355680 -0.800299
3132 -0.365687 -1.070656
3134 -0.375565 -1.179601
3136 -0.385313 -0.167026
3138 -0.394926 -0.349687
3140 -0.404401 -0.218637
3142 -0.413733 -0.342848
3144 -0.422921 -0.703663
3146 -0.431959 0.508118
3148 -0.440845 -0.301855
3150 -0.449575 -0.111255
3152 -0.458147 -0.211344
3154 -0.466556 -0.309699
3156 -0.474801 -0.917835
3158 -0.482877 -1.025615
3160 -0.490782 -0.327005
3162 -0.498513 -1.279694
3164 -0.506066 0.048889
3166 -0.513440 -1.297532
3168 -0.520632 -1.056974
3170 -0.527639 -1.484874
3172 -0.534458 -0.418592
3174 -0.541086 0.000948
3176 -0.547522 -0.670840
3178 -0.553764 -0.767902
3180 -0.559808 -0.008580
3182 -0.565653 -0.926598
3184 -0.571296 -0.598573
3186 -0.576736 0.313032
3188 -0.581971 -1.108809
3190 -0.586998 -0.574198
3192 -0.591817 -1.165536
3194 -0.596425 -0.846775
3196 -0.600820 -0.410276
3198 -0.605002 0.021665
3200 -0.608969 0.168336
3202 -0.612719 -1.253681
3204 -0.616252 -0.935659
3206 -0.619565 -1.139657
3208 -0.622659 -1.339894
3210 -0.625532 0.178000
3212 -0.628183 0.174291
3214 -0.630612 -0.116505
3216 -0.632817 -0.687599
3218 -0.634798 -1.290245
3220 -0.636555 0.320208
3222 -0.638087 -1.543420
3224 -0.639394 -1.090076
3226 -0.640476 -0.142541
3228 -0.641332 -1.344274
3230 -0.641963 -0.642243
3232 -0.642368 -0.114667
3234 -0.642547 -0.242370
3236 -0.642502 -1.113245
3238 -0.642231 -1.250100
3240 -0.641737 -1.467709
3242 -0.641018 -1.572309
3244 -0.640076 -0.620434
3246 -0.638912 -0.503478
3248 -0.637525 0.309858
3250 -0.635918 -0.153990
3252 -0.634091 -1.496519
3254 -0.632045 -1.268834
3256 -0.629782 -1.408453
3258 -0.627302 -0.309234
3260 -0.624607 0.355418
3262 -0.621698 0.367272
3264 -0.618578 0.049052
3266 -0.615247 -0.963924
3268 -0.611707 -1.151946
3270 -0.607961 0.333488
3272 -0.604009 -1.157932
3274 -0.599855 -1.346235
3276 -0.595499 -0.148401
3278 -0.590945 -0.207955
3280 -0.586195 -0.996177
3282 -0.581250 -0.185399
3284 -0.576114 -0.106327
3286 -0.570788 -0.439189
3288 -0.565276 -0.679097
3290 -0.559580 0.199783
3292 -0.553703 -1.429745
3294 -0.547648 -1.141011
3296 -0.541417 -0.389008
3298 -0.535014 -0.888824
3300 -0.528441 -0.736596
3302 -0.521703 -0.202090
3304 -0.514801 -0.806633
3306 -0.507740 0.297106
3308 -0.500523 -1.052033
3310 -0.493153 -0.844077
3312 -0.485634 -0.205260
3314 -0.477970 -0.898236
3316 -0.470163 -0.464136
3318 -0.462219 0.033288
3320 -0.454140 0.437524
3322 -0.445930 -0.465960
3324 -0.437594 0.040851
3326 -0.429136 0.124173
3328 -0.420559 0.204793
3330 -0.411868 0.520437
3332 -0.403067 0.085825
3334 -0.394160 -1.328566
3336 -0.385151 -1.205034
3338 -0.376045 -0.445838
3340 -0.366846 0.075975
3342 -0.357559 -0.593170
3344 -0.348188 -1.027863
3346 -0.338738 -0.431852
3348 -0.329213 0.561060
3350 -0.319617 -0.118826
3352 -0.309957 -0.649421
3354 -0.300236 -1.291722
3356 -0.290459 0.311246
3358 -0.280631 0.526582
3360 -0.270757 -0.621796
3362 -0.260842 -0.873049
3364 -0.250890 -0.129841
3366 -0.240907 0.110426
3368 -0.230897 -1.044078
3370 -0.220866 0.342828
3372 -0.210819 0.783717
3374 -0.200760 0.260530
3376 -0.190695 -1.053203
3378 -0.180628 -0.186037
3380 -0.170566 -0.219778
3382 -0.160512 -1.137404
3384 -0.150473 0.817999
3386 -0.140453 -0.717351
3388 -0.130458 0.439783
3390 -0.120493 0.467110
3392 -0.110562 -0.761424
3394 -0.100671 -0.047858
3396 -0.090826 0.556000
3398 -0.081031 -0.558198
3400 -0.071292 0.905253
3402 -0.061614 0.021504
3404 -0.052002 0.228636
3406 -0.042461 -0.752232
3408 -0.032997 0.950309
3410 -0.023614 0.140541
3412 -0.014318 0.469889
3414 -0.005114 -0.368144
3416 0.003993 0.169731
3418 0.012998 0.091919
3420 0.021895 -0.540972
3422 0.030681 0.838268
3424 0.039349 0.498892
3426 0.047895 0.598845
3428 0.056313 0.207942
3430 0.064599 0.703610
3432 0.072748 0.179982
3434 0.080755 0.219451
3436 0.088615 0.181388
3438 0.096323 0.333463
3440 0.103874 -0.770481
3442 0.111264 -0.852872
3444 0.118489 0.370984
3446 0.125542 -0.788149
3448 0.132420 -0.416474
3450 0.139119 -0.046057
3452 0.145633 0.811581
3454 0.151958 -0.055812
3456 0.158090 1.017667
3458 0.164025 0.468692
3460 0.169757 0.476669
3462 0.175284 1.003213
3464 0.180600 -0.439849
3466 0.185702 -0.235022
3468 0.190585 -0.699567
3470 0.195246 -0.450242
3472 0.199681 0.934734
3474 0.203886 0.789532
3476 0.207857 0.190901
3478 0.211590 0.103917
3480 0.215081 -0.128838
3482 0.218328 0.629997
3484 0.221327 -0.087284
3486 0.224074 -0.668843
3488 0.226565 0.180632
3490 0.228799 1.063256
3492 0.230771 0.968296
3494 0.232479 -0.714793
3496 0.233919 0.198498
3498 0.235088 0.056817
3500 0.235985 0.517290
3502 0.236605 0.318274
3504 0.236947 0.085997
3506 0.237007 -0.237718
3508 0.236784 0.396257
3510 0.236275 0.527948
3512 0.235478 0.567121
3514 0.234390 0.051386
3516 0.233010 -0.691478
3518 0.231336 0.414203
3520 0.229365 -0.657283
3522 0.227095 0.601255
3524 0.224526 0.227108
3526 0.221656 -0.293601
3528 0.218483 1.163815
3530 0.215005 0.319393
3532 0.211222 0.042501
3534 0.207132 0.879612
3536 0.202735 -0.115062
3538 0.198029 1.004601
3540 0.193013 -0.249849
3542 0.187687 0.518389
3544 0.182051 0.392801
3546 0.176102 0.417236
3548 0.169842 0.600333
3550 0.163270 -0.679101
3552 0.156386 0.224896
3554 0.149189 0.310239
3556 0.141679 -0.654811
3558 0.133858 -0.839777
3560 0.125724 1.101905
3562 0.117279 0.595628
3564 0.108523 0.210227
3566 0.099457 -0.081502
3568 0.090080 1.087659
3570 0.080394 -0.664323
3572 0.070401 -0.824624
3574 0.060100 0.383741
3576 0.049493 0.116354
3578 0.038582 -0.786180
3580 0.027368 -0.471200
3582 0.015851 0.191165
3584 0.004035 0.548714
3586 -0.008080 0.491401
3588 -0.020491 0.635224
3590 -0.033197 0.452668
3592 -0.046196 -0.446274
3594 -0.059485 -0.576234
3596 -0.073063 0.081748
3598 -0.086926 0.191877
3600 -0.101073 -0.814354
3602 -0.115500 0.593566
3604 -0.130205 -0.523358
3606 -0.145186 0.349856
3608 -0.160439 -0.212433
3610 -0.175961 -1.140578
3612 -0.191749 0.459209
3614 -0.207800 -1.192749
3616 -0.224111 -0.028893
3618 -0.240678 0.612829
3620 -0.257497 -1.216783
3622 -0.274565 -0.103606
3624 -0.291878 0.039804
3626 -0.309433 -0.166918
3628 -0.327224 -1.336853
3630 -0.345249 -0.015340
3632 -0.363504 0.035223
3634 -0.381983 -1.285422
3636 -0.400682 -0.745629
3638 -0.419598 -0.952216
3640 -0.438725 -1.164838
3642 -0.458059 -0.299187
3644 -0.477595 0.167789
3646 -0.497329 0.324231
3648 -0.517255 -0.855600
3650 -0.537369 -0.232657
3652 -0.557665 -0.246314
3654 -0.578139 -0.312320
3656 -0.598785 0.193741
3658 -0.619598 -1.148552
3660 -0.640572 -1.090742
3662 -0.661702 -1.576922
3664 -0.682982 -1.497006
3666 -0.704408 -0.541534
3668 -0.725972 -0.139620
3670 -0.747670 -0.606821
3672 -0.769496 -0.564034
3674 -0.791443 -0.546588
3676 -0.813506 -0.649719
3678 -0.835679 -1.426768
3680 -0.857955 -0.751016
3682 -0.880329 -0.666905
3684 -0.902794 -0.313653
3686 -0.925344 -1.477101
3688 -0.947973 -1.582062
3690 -0.970674 -0.380836
3692 -0.993441 -0.204610
3694 -1.016268 -0.240597
3696 -1.039147 -0.341361
3698 -1.062073 -1.606445
3700 -1.085038 -1.829886
3702 -1.108036 -2.123906
3704 -1.131061 -0.503748
3706 -1.154106 -0.240397
3708 -1.177163 -0.357943
3710 -1.200227 -1.897371
3712 -1.223289 -0.990624
3714 -1.246345 -1.101171
3716 -1.269385 -0.685750
3718 -1.292405 -1.251897
3720 -1.315395 -0.683503
3722 -1.338351 -2.188857
3724 -1.361264 -1.219593
3726 -1.384129 -0.549522
3728 -1.406936 -1.077478
3730 -1.429681 -1.684215
3732 -1.452355 -1.459106
3734 -1.474952 -1.921888
3736 -1.497464 -2.488652
3738 -1.519885 -2.344012
3740 -1.542208 -1.561052
3742 -1.564425 -1.429149
3744 -1.586529 -1.177366
3746 -1.608514 -2.018012
3748 -1.630372 -1.026312
3750 -1.652096 -0.856147
3752 -1.673680 -2.472133
3754 -1.695116 -1.280689
3756 -1.716397 -1.122914
3758 -1.737516 -0.815997
3760 -1.758467 -0.865905
3762 -1.779243 -0.907781
3764 -1.799836 -0.871045
3766 -1.820240 -1.276911
3768 -1.840447 -1.031516
3770 -1.860452 -1.088376
3772 -1.880247 -1.009696
3774 -1.899826 -1.833564
3776 -1.919181 -1.976973
3778 -1.938307 -1.458873
3780 -1.957196 -2.824893
3782 -1.975843 -2.375927
3784 -1.994240 -1.339218
3786 -2.012381 -1.712040
3788 -2.030259 -2.569102
3790 -2.047869 -2.036490
3792 -2.065204 -2.992239
3794 -2.082257 -1.600439
3796 -2.099023 -1.506919
3798 -2.115495 -3.005811
3800 -2.131667 -1.445830
3802 -2.147534 -2.545894
3804 -2.163089 -1.889520
3806 -2.178327 -2.054493
3808 -2.193241 -1.972047
3810 -2.207826 -2.300932
3812 -2.222076 -2.272822
3814 -2.235986 -1.783573
3816 -2.249550 -2.898362
3818 -2.262763 -2.689968
3820 -2.275619 -1.871446
3822 -2.288114 -3.013945
3824 -2.300241 -2.825395
3826 -2.311997 -1.948279
3828 -2.323375 -1.474965
3830 -2.334372 -3.019530
3832 -2.344982 -2.177977
3834 -2.355200 -1.604889
3836 -2.365022 -1.952437
3838 -2.374444 -3.233624
3840 -2.383461 -2.121988
3842 -2.392068 -1.815341
3844 -2.400263 -2.627583
3846 -2.408039 -2.459503
3848 -2.415394 -2.506193
3850 -2.422323 -2.156269
3852 -2.428823 -3.436615
3854 -2.434891 -2.420362
3856 -2.440521 -2.660223
3858 -2.445712 -1.828918
3860 -2.450459 -2.293718
3862 -2.454760 -2.956055
3864 -2.458611 -3.207575
3866 -2.462010 -2.999071
3868 -2.464953 -1.809768
3870 -2.467438 -1.962551
3872 -2.469462 -2.066970
3874 -2.471022 -2.833928
3876 -2.472117 -2.482176
3878 -2.472743 -1.686442
3880 -2.472900 -2.230417
3882 -2.472584 -3.045912
3884 -2.471794 -3.378808
3886 -2.470528 -1.720735
3888 -2.468784 -1.645989
3890 -2.466561 -1.492827
3892 -2.463858 -3.366960
3894 -2.460673 -2.438692
3896 -2.457006 -1.700868
3898 -2.452854 -1.911376
3900 -2.448218 -2.253528
3902 -2.443096 -2.393710
3904 -2.437488 -2.287628
3906 -2.431394 -3.432499
3908 -2.424813 -3.395502
3910 -2.417744 -3.327440
3912 -2.410189 -2.114148
3914 -2.402146 -3.349695
3916 -2.393617 -2.258019
3918 -2.384600 -3.277671
3920 -2.375098 -1.675447
3922 -2.365110 -3.042555
3924 -2.354638 -2.718985
3926 -2.343681 -1.363181
3928 -2.332242 -2.517148
3930 -2.320320 -3.000104
3932 -2.307918 -1.793381
3934 -2.295037 -3.048538
3936 -2.281678 -2.295696
3938 -2.267843 -2.734944
3940 -2.253533 -3.192569
3942 -2.238752 -2.982387
3944 -2.223500 -2.236301
3946 -2.207780 -3.026481
3948 -2.191594 -3.158374
3950 -2.174945 -2.338181
3952 -2.157835 -2.976331
3954 -2.140267 -2.983983
3956 -2.122244 -1.237647
3958 -2.103769 -1.140594
3960 -2.084844 -1.361876
3962 -2.065473 -1.961313
3964 -2.045660 -2.008566
3966 -2.025408 -2.128391
3968 -2.004719 -1.877828
3970 -1.983599 -1.893717
3972 -1.962051 -1.951616
3974 -1.940079 -2.494402
3976 -1.917686 -1.752985
3978 -1.894878 -2.726859
3980 -1.871658 -2.297454
3982 -1.848030 -1.962473
3984 -1.824001 -2.312619
3986 -1.799573 -1.569313
3988 -1.774752 -1.888700
3990 -1.749542 -1.403489
3992 -1.723949 -1.154314
3994 -1.697978 -2.278654
3996 -1.671634 -1.060775
3998 -1.644921 -2.071432
4000 -1.617847 -1.648190
4002 -1.590415 -0.901601
4004 -1.562633 -1.716235
4006 -1.534504 -0.561557
4008 -1.506036 -0.620287
4010 -1.477234 -1.582440
4012 -1.448105 -1.623680
4014 -1.418653 -2.337153
4016 -1.388886 -1.324032
4018 -1.358810 -1.636487
4020 -1.328430 -2.270932
4022 -1.297754 -1.497590
4024 -1.266789 -0.428447
4026 -1.235540 -1.129576
4028 -1.204014 -0.495951
4030 -1.172218 -1.196595
4032 -1.140160 -1.934418
4034 -1.107845 -1.379948
4036 -1.075281 -0.645081
4038 -1.042476 -0.663634
4040 -1.009435 -1.105623
4042 -0.976167 -1.964371
4044 -0.942679 -1.671394
4046 -0.908977 -0.487406
4048 -0.875070 -0.627146
4050 -0.840965 -0.678270
4052 -0.806669 -1.034197
4054 -0.772191 -0.950294
4056 -0.737536 -0.151695
4058 -0.702714 -1.316072
4060 -0.667732 -0.269549
4062 -0.632598 -1.074816
4064 -0.597319 -1.520093
4066 -0.561904 -1.316067
4068 -0.526359 -0.994888
4070 -0.490695 0.472511
4072 -0.454917 -0.314568
4074 -0.419034 -0.063932
4076 -0.383055 -1.339654
4078 -0.346987 -1.143599
4080 -0.310838 -1.235736
4082 -0.274617 -1.176548
4084 -0.238331 -0.238114
4086 -0.201989 0.707615
4088 -0.165599 0.034092
4090 -0.129169 -0.425729
4092 -0.092707 -0.212817
4094 -0.056222 0.343377
4096 -0.019721 0.405289
4098 0.016787 -0.679940
4100 0.053294 -0.175570
4102 0.089791 -0.589174
4104 0.126272 -0.566929
4106 0.162726 0.196399
4108 0.199147 0.932530
4110 0.235526 0.780556
4112 0.271855 -0.541940
4114 0.308125 -0.196645
4116 0.344329 -0.299830
4118 0.380459 1.140965
4120 0.416505 0.286386
4122 0.452461 1.194048
4124 0.488319 -0.206273
4126 0.524069 0.457859
4128 0.559705 1.533379
4130 0.595218 0.417922
4132 0.630600 0.512998
4134 0.665844 0.764852
4136 0.700941 -0.136678
4138 0.735884 0.645852
4140 0.770666 1.056832
4142 0.805277 0.026136
4144 0.839712 0.830736
4146 0.873961 0.142952
4148 0.908019 0.020713
4150 0.941876 0.114454
4152 0.975526 0.929456
4154 1.008961 0.982690
4156 1.042174 1.595148
4158 1.075157 0.434553
4160 1.107905 1.365027
4162 1.140408 0.444310
4164 1.172661 0.832563
4166 1.204656 1.747737
4168 1.236387 1.552815
4170 1.267846 0.639687
4172 1.299027 1.365404
4174 1.329923 1.810541
4176 1.360528 1.205309
4178 1.390835 1.790497
4180 1.420838 1.639148
4182 1.450530 2.142128
4184 1.479905 1.597848
4186 1.508956 2.009138
4188 1.537679 1.139306
4190 1.566067 1.633707
4192 1.594113 0.892815
4194 1.621813 2.081455
4196 1.649161 0.791237
4198 1.676150 1.112481
4200 1.702776 1.047463
4202 1.729033 2.132191
4204 1.754916 1.386867
4206 1.780420 2.090749
4208 1.805539 2.452171
4210 1.830269 1.549274
4212 1.854605 2.311756
4214 1.878542 1.453242
4216 1.902075 2.568851
4218 1.925201 1.909281
4220 1.947914 1.855887
4222 1.970211 1.867919
4224 1.992087 2.253820
4226 2.013538 2.555117
4228 2.034561 1.449015
4230 2.055151 1.606950
4232 2.075305 2.962343
4234 2.095019 2.549461
4236 2.114290 3.120319
4238 2.133115 1.838557
4240 2.151490 1.979239
4242 2.169413 2.367428
4244 2.186880 1.557639
4246 2.203889 3.123350
4248 2.220436 1.892465
4250 2.236521 2.182809
4252 2.252139 2.213225
4254 2.267290 2.212096
4256 2.281970 1.662078
4258 2.296178 2.373629
4260 2.309911 2.665459
4262 2.323169 2.022507
4264 2.335949 1.791243
4266 2.348250 3.310586
4268 2.360071 3.344737
4270 2.371410 1.448506
4272 2.382267 2.038959
4274 2.392639 2.810000
4276 2.402528 2.030068
4278 2.411931 1.711355
4280 2.420848 1.798466
4282 2.429280 2.941201
4284 2.437225 2.611005
4286 2.444683 3.060932
4288 2.451655 2.482312
4290 2.458141 3.023801
4292 2.464140 1.609892
4294 2.469653 2.365341
4296 2.474681 2.473074
4298 2.479225 1.609602
4300 2.483284 3.063327
4302 2.486860 3.292239
4304 2.489955 2.797919
4306 2.492568 3.423284
4308 2.494703 3.199808
4310 2.496359 3.456977
4312 2.497538 2.355537
4314 2.498242 2.145806
4316 2.498474 2.385658
4318 2.498234 2.718495
4320 2.497525 3.205098
4322 2.496350 1.722050
4324 2.494709 3.397697
4326 2.492606 1.639289
4328 2.490044 1.662333
4330 2.487025 3.359374
4332 2.483551 1.692477
4334 2.479626 2.294212
4336 2.475253 2.751035
4338 2.470434 2.293446
4340 2.465174 2.566210
4342 2.459475 3.100388
4344 2.453341 1.776282
4346 2.446775 1.710101
4348 2.439782 2.685962
4350 2.432364 2.775496
4352 2.424527 3.243569
4354 2.416273 2.798788
4356 2.407607 1.637544
4358 2.398534 2.207626
4360 2.389057 2.894153
4362 2.379181 3.181915
4364 2.368911 1.976693
4366 2.358250 2.165184
4368 2.347205 3.075096
4370 2.335779 1.643682
4372 2.323978 2.087124
4374 2.311806 1.893873
4376 2.299269 2.251500
4378 2.286372 2.934057
4380 2.273120 3.073400
4382 2.259518 1.917874
4384 2.245572 3.118115
4386 2.231288 2.934321
4388 2.216670 2.022087
4390 2.201725 1.247549
4392 2.186458 2.763452
4394 2.170875 2.187451
4396 2.154982 2.018252
4398 2.138784 1.995048
4400 2.122289 2.965995
4402 2.105502 3.074559
4404 2.088428 1.590991
4406 2.071075 1.243745
4408 2.053449 1.292494
4410 2.035555 2.791601
4412 2.017400 2.541148
4414 1.998991 1.065669
4416 1.980334 2.128131
4418 1.961435 2.725002
4420 1.942301 1.828602
4422 1.922940 1.587010
4424 1.903356 2.481483
4426 1.883557 2.390114
4428 1.863550 2.347678
4430 1.843342 2.163132
4432 1.822939 2.651819
4434 1.802348 1.064689
4436 1.781576 2.699147
4438 1.760629 1.558102
4440 1.739515 2.666549
4442 1.718241 2.453744
4444 1.696813 2.170937
4446 1.675239 2.493752
4448 1.653525 2.111637
4450 1.631679 0.931433
4452 1.609706 2.494894
4454 1.587616 1.644205
4456 1.565413 1.903858
4458 1.543107 1.314307
4460 1.520702 2.456922
4462 1.498207 1.704347
4464 1.475628 1.240495
4466 1.452973 0.916981
4468 1.430249 1.834896
4470 1.407461 1.437819
4472 1.384618 0.631723
4474 1.361727 1.317774
4476 1.338794 1.464078
4478 1.315826 1.739568
4480 1.292830 1.041871
4482 1.269813 0.311407
4484 1.246782 0.365182
4486 1.223744 0.582071
4488 1.200706 1.780583
4490 1.177674 1.812490
4492 1.154655 1.865615
4494 1.131656 1.573808
4496 1.108683 2.039779
4498 1.085743 1.748752
4500 1.062844 0.337477
4502 1.039990 1.933654
4504 1.017189 1.451753
4506 0.994448 1.779770
4508 0.971772 1.721020
4510 0.949168 0.879413
4512 0.926643 0.049779
4514 0.904202 1.577182
4516 0.881852 -0.092294
4518 0.859599 1.360669
4520 0.837449 0.321578
4522 0.815408 -0.182116
4524 0.793482 0.541539
4526 0.771677 1.061956
4528 0.749999 0.258195
4530 0.728454 -0.076710
4532 0.707046 0.070226
4534 0.685783 0.484030
4536 0.664669 0.858891
4538 0.643709 1.175899
4540 0.622910 -0.111000
4542 0.602277 -0.409992
4544 0.581814 1.200422
4546 0.561528 -0.008810
4548 0.541422 -0.067009
4550 0.521503 0.765828
4552 0.501774 -0.387588
4554 0.482242 -0.368761
4556 0.462909 0.196154
4558 0.443782 -0.467427
4560 0.424865 1.284207
4562 0.406162 0.461646
4564 0.387677 -0.582003
4566 0.369415 0.711434
4568 0.351380 0.240538
4570 0.333577 1.161723
4572 0.316008 -0.362933
4574 0.298678 0.359974
4576 0.281591 0.831915
4578 0.264751 -0.338955
4580 0.248160 -0.139919
4582 0.231823 -0.684006
4584 0.215743 -0.335616
4586 0.199923 0.609912
4588 0.184367 0.608958
4590 0.169076 0.176174
4592 0.154056 0.809248
4594 0.139307 0.977542
4596 0.124834 0.980727
4598 0.110638 0.010676
4600 0.096722 0.517831
4602 0.083089 -0.744192
4604 0.069741 0.008285
4606 0.056680 0.147200
4608 0.043908 -0.302890
4610 0.031428 0.412366
4612 0.019240 -0.595095
4614 0.007348 -0.178011
4616 -0.004248 0.576461
4618 -0.015546 0.154096
4620 -0.026545 -0.072433
4622 -0.037242 0.453426
4624 -0.047638 -0.771970
4626 -0.057730 -0.022843
4628 -0.067519 -0.184473
4630 -0.077002 0.138072
4632 -0.086180 -0.173019
4634 -0.095051 0.159049
4636 -0.103615 -0.777394
4638 -0.111872 -0.598690
4640 -0.119822 0.580104
4642 -0.127463 -0.139967
4644 -0.134797 -0.488278
4646 -0.141822 -0.944289
4648 -0.148540 -0.702300
4650 -0.154950 -1.035308
4652 -0.161053 0.091876
4654 -0.166849 -1.017362
4656 -0.172339 -1.166663
4658 -0.177523 -0.021168
4660 -0.182402 -0.085622
4662 -0.186978 0.286775
4664 -0.191251 0.184493
4666 -0.195222 -1.113536
4668 -0.198892 -0.588577
4670 -0.202263 -1.127607
4672 -0.205336 0.302659
4674 -0.208113 -0.167113
4676 -0.210595 -0.276639
4678 -0.212784 -0.079792
4680 -0.214681 -0.960133
4682 -0.216290 0.715293
4684 -0.217611 -0.550837
4686 -0.218646 -0.645726
4688 -0.219399 -0.210646
4690 -0.219871 0.371800
4692 -0.220065 0.609342
4694 -0.219983 0.742895
4696 -0.219627 -0.333350
4698 -0.219001 -1.023335
4700 -0.218107 -0.702485
4702 -0.216947 -0.591668
4704 -0.215526 0.006218
4706 -0.213846 -0.013627
4708 -0.211909 -0.351530
4710 -0.209720 0.495312
4712 -0.207281 0.149099
4714 -0.204595 -1.055304
4716 -0.201667 0.688291
4718 -0.198499 0.198443
4720 -0.195096 0.144878
4722 -0.191460 -0.170962
4724 -0.187596 -0.283715
4726 -0.183507 -0.435187
4728 -0.179197 -0.045000
4730 -0.174671 0.370943
4732 -0.169931 -0.316140
4734 -0.164982 -0.492586
4736 -0.159829 -0.543628
4738 -0.154474 0.662236
4740 -0.148924 0.684799
4742 -0.143181 -0.244732
4744 -0.137250 0.638102
4746 -0.131136 -0.604228
4748 -0.124842 0.372284
4750 -0.118374 -0.309170
4752 -0.111737 -0.968722
4754 -0.104933 0.245367
4756 -0.097969 -0.302794
4758 -0.090849 -0.039143
4760 -0.083578 0.484120
4762 -0.076160 0.255681
4764 -0.068599 0.628738
4766 -0.060902 -0.251804
4768 -0.053073 -0.502058
4770 -0.045117 -0.469147
4772 -0.037038 -0.505363
4774 -0.028842 0.895387
4776 -0.020533 -0.279152
4778 -0.012117 -0.575081
4780 -0.003598 0.332256
4782 0.005018 -0.899667
4784 0.013726 0.484495
4786 0.022522 -0.725236
4788 0.031399 -0.113188
4790 0.040354 -0.343635
4792 0.049381 0.857547
4794 0.058474 0.777252
4796 0.067629 0.364875
4798 0.076841 -0.490692
4800 0.086104 0.628954
4802 0.095413 0.233002
4804 0.104764 0.441559
4806 0.114150 0.437489
4808 0.123568 0.792459
4810 0.133011 -0.029414
4812 0.142474 -0.722072
4814 0.151954 0.966029
4816 0.161443 -0.649255
4818 0.170939 0.102253
4820 0.180434 0.046160
4822 0.189925 0.946128
4824 0.199406 -0.538974
4826 0.208872 -0.230337
4828 0.218318 -0.219389
4830 0.227740 0.036631
4832 0.237132 0.369416
4834 0.246490 0.335249
4836 0.255808 -0.017010
4838 0.265082 1.132082
4840 0.274307 0.792713
4842 0.283478 -0.661597
4844 0.292591 1.246075
4846 0.301641 0.281267
4848 0.310623 -0.392472
4850 0.319532 0.117457
4852 0.328364 0.912323
4854 0.337115 -0.570194
4856 0.345780 -0.150599
4858 0.354355 0.221782
4860 0.362835 -0.126477
4862 0.371216 1.402529
4864 0.379493 1.368668
4866 0.387664 1.218627
4868 0.395722 0.733180
4870 0.403665 1.043868
4872 0.411488 0.061498
4874 0.419187 0.872911
4876 0.426759 0.861194
4878 0.434199 0.253018
4880 0.441504 -0.194594
4882 0.448670 -0.272943
4884 0.455694 0.008311
4886 0.462571 0.065061
4888 0.469299 0.284824
4890 0.475874 0.566516
4892 0.482292 0.868797
4894 0.488551 1.410881
4896 0.494647 -0.352024
4898 0.500576 -0.412398
4900 0.506337 1.268424
4902 0.511926 1.155842
4904 0.517339 -0.369097
4906 0.522575 1.209199
4908 0.527631 0.121673
4910 0.532503 -0.087075
4912 0.537189 -0.008848
4914 0.541688 -0.311428
4916 0.545996 -0.012534
4918 0.550111 0.475536
4920 0.554030 0.535674
4922 0.557753 0.476744
4924 0.561276 0.484355
4926 0.564598 0.501273
4928 0.567716 0.283051
4930 0.570630 -0.203921
4932 0.573337 0.114667
4934 0.575836 0.905180
4936 0.578125 1.220854
4938 0.580203 1.519089
4940 0.582068 -0.307072
4942 0.583720 1.552631
4944 0.585156 -0.235700
4946 0.586377 0.211324
4948 0.587380 0.119861
4950 0.588166 0.543533
4952 0.588733 1.264648
4954 0.589081 1.468028
4956 0.589209 0.426513
4958 0.589117 1.377621
4960 0.588804 1.513699
4962 0.588269 0.146256
4964 0.587514 0.978213
4966 0.586537 1.582964
4968 0.585338 -0.212383
4970 0.583919 1.526037
4972 0.582277 -0.083777
4974 0.580415 0.193480
4976 0.578333 1.623896
4978 0.576030 0.307753
4980 0.573507 1.068061
4982 0.570765 0.553803
4984 0.567805 1.174124
4986 0.564628 -0.062351
4988 0.561234 1.436128
4990 0.557624 -0.165738
4992 0.553799 0.107066
4994 0.549761 -0.079396
4996 0.545511 1.105944
4998 0.541050 -0.308662
5000 0.536380 -0.199750
5002 0.531502 1.156794
5004 0.526417 -0.400516
5006 0.521128 -0.082112
5008 0.515636 -0.280491
5010 0.509943 0.069020
5012 0.504051 0.809613
5014 0.497963 1.331100
5016 0.491679 -0.117024
5018 0.485202 -0.418726
5020 0.478535 1.053325
5022 0.471680 -0.259029
5024 0.464639 0.071756
5026 0.457415 0.375932
5028 0.450010 -0.331266
5030 0.442427 0.204816
5032 0.434669 0.248292
5034 0.426738 -0.067601
5036 0.418638 0.747095
5038 0.410371 0.222583
5040 0.401940 0.592379
5042 0.393349 0.169453
5044 0.384600 1.132988
5046 0.375696 0.125648
5048 0.366642 0.469025
5050 0.357440 0.934051
5052 0.348093 0.328091
5054 0.338606 0.947751
5056 0.328981 1.230024
5058 0.319222 -0.186655
5060 0.309333 1.022569
5062 0.299317 -0.581848
5064 0.289178 -0.637359
5066 0.278920 1.019405
5068 0.268547 -0.261535
5070 0.258063 -0.510132
5072 0.247470 -0.498343
5074 0.236775 0.967041
5076 0.225979 1.245879
5078 0.215088 -0.184296
5080 0.204105 0.985759
5082 0.193035 0.743231
5084 0.181882 0.007491
5086 0.170649 -0.484675
5088 0.159342 -0.415832
5090 0.147964 0.148626
5092 0.136520 0.200134
5094 0.125013 0.320239
5096 0.113449 0.576781
5098 0.101832 -0.548848
5100 0.090165 1.055096
5102 0.078454 -0.310031
5104 0.066703 0.150127
5106 0.054916 0.726495
5108 0.043097 0.363090
5110 0.031252 -0.824144
5112 0.019384 0.226648
5114 0.007498 -0.733157
5116 -0.004401 0.708989
5118 -0.016309 0.051928
5120 -0.028222 -0.314530
5122 -0.040135 0.347015
5124 -0.052043 0.095856
5126 -0.063942 -0.315654
5128 -0.075827 0.013251
5130 -0.087695 0.491880
5132 -0.099540 -0.157369
5134 -0.111358 0.194306
5136 -0.123144 0.149421
5138 -0.134895 -0.209771
5140 -0.146605 0.723060
5142 -0.158270 -0.140332
5144 -0.169887 -0.730511
5146 -0.181449 -0.521778
5148 -0.192954 0.134400
5150 -0.204396 -0.375109
5152 -0.215772 0.409994
5154 -0.227077 -0.870326
5156 -0.238307 0.752341
5158 -0.249457 -0.193870
5160 -0.260523 -0.587608
5162 -0.271502 0.651279
5164 -0.282389 0.352274
5166 -0.293179 0.431082
5168 -0.303870 0.258774
5170 -0.314456 -0.391155
5172 -0.324934 0.512942
5174 -0.335300 -0.596018
5176 -0.345550 -0.193164
5178 -0.355680 0.165693
5180 -0.365687 0.412306
5182 -0.375565 0.461353
5184 -0.385313 -0.505583
5186 -0.394926 -0.497459
5188 -0.404401 -0.847251
5190 -0.413733 0.527386
5192 -0.422921 -0.973201
5194 -0.431959 0.040407
5196 -0.440845 -0.220650
5198 -0.449575 0.246488
5200 -0.458147 -1.086515
5202 -0.466556 -0.402189
5204 -0.474801 -0.785928
5206 -0.482877 -0.696635
5208 -0.490782 0.208851
5210 -0.498513 0.493668
5212 -0.506066 0.085775
5214 -0.513440 -0.211371
5216 -0.520632 -1.194675
5218 -0.527639 0.032230
5220 -0.534458 -1.199070
5222 -0.541086 -0.564131
5224 -0.547522 -0.086443
5226 -0.553764 0.395063
5228 -0.559808 -0.879472
5230 -0.565653 -0.562469
5232 -0.571296 -0.719368
5234 -0.576736 -1.078386
5236 -0.581971 0.140967
5238 -0.586998 0.398119
5240 -0.591817 0.409037
5242 -0.596425 -0.114037
5244 -0.600820 0.202996
5246 -0.605002 -0.742319
5248 -0.608969 -1.246698
5250 -0.612719 -1.269024
5252 -0.616252 -0.829409
5254 -0.619565 -0.824228
5256 -0.622659 0.177052
5258 -0.625532 0.365456
5260 -0.628183 -1.152537
5262 -0.630612 -1.474729
5264 -0.632817 -0.592634
5266 -0.634798 -0.485166
5268 -0.636555 -0.709037
5270 -0.638087 -0.912599
5272 -0.639394 -0.511635
5274 -0.640476 -1.134900
5276 -0.641332 -1.627293
5278 -0.641963 -0.201502
5280 -0.642368 -1.589922
5282 -0.642547 -1.305866
5284 -0.642502 -1.237583
5286 -0.642231 -0.140959
5288 -0.641737 -1.368241
5290 -0.641018 -0.567539
5292 -0.640076 -1.147164
5294 -0.638912 -0.524804
5296 -0.637525 -0.076791
5298 -0.635918 -1.430944
5300 -0.634091 -0.545529
5302 -0.632045 -0.080910
5304 -0.629782 0.047331
5306 -0.627302 -0.744972
5308 -0.624607 -1.220642
5310 -0.621698 -1.591978
5312 -0.618578 -0.402029
5314 -0.615247 -0.433734
5316 -0.611707 -0.795768
5318 -0.607961 -0.600647
5320 -0.604009 -0.440287
5322 -0.599855 -0.316884
5324 -0.595499 -0.440760
5326 -0.590945 -1.395344
5328 -0.586195 -1.161747
5330 -0.581250 -1.507004
5332 -0.576114 -0.662895
5334 -0.570788 -0.026318
5336 -0.565276 -0.993061
5338 -0.559580 -0.639803
5340 -0.553703 -0.576133
5342 -0.547648 -0.930230
5344 -0.541417 -0.292090
5346 -0.535014 -0.159550
5348 -0.528441 -1.416674
5350 -0.521703 -0.005705
5352 -0.514801 -1.072589
5354 -0.507740 -0.909702
5356 -0.500523 -0.876974
5358 -0.493153 0.503318
5360 -0.485634 -0.689021
5362 -0.477970 0.227814
5364 -0.470163 0.071182
5366 -0.462219 -0.994690
5368 -0.454140 -0.872164
5370 -0.445930 0.493298
5372 -0.437594 -0.946377
5374 -0.429136 0.363405
5376 -0.420559 -0.305758
5378 -0.411868 -0.110613
5380 -0.403067 -0.609078
5382 -0.394160 -1.121471
5384 -0.385151 -0.806732
5386 -0.376045 0.566899
5388 -0.366846 -0.904319
5390 -0.357559 -0.360439
5392 -0.348188 -1.336730
5394 -0.338738 0.031286
5396 -0.329213 -0.793339
5398 -0.319617 -0.741657
5400 -0.309957 -1.025870
5402 -0.300236 0.207492
5404 -0.290459 -0.100804
5406 -0.280631 0.247051
5408 -0.270757 -0.393309
5410 -0.260842 0.034823
5412 -0.250890 -0.212986
5414 -0.240907 0.072957
5416 -0.230897 0.656986
5418 -0.220866 0.434742
5420 -0.210819 0.093643
5422 -0.200760 -0.522167
5424 -0.190695 0.164761
5426 -0.180628 -0.340792
5428 -0.170566 -0.030453
5430 -0.160512 0.770872
5432 -0.150473 -0.377497
5434 -0.140453 0.484746
5436 -0.130458 0.587291
5438 -0.120493 0.761062
5440 -0.110562 -0.190377
5442 -0.100671 -0.595253
5444 -0.090826 -0.942953
5446 -0.081031 0.411150
5448 -0.071292 -0.629405
5450 -0.061614 -0.457743
5452 -0.052002 -0.569286
5454 -0.042461 -0.595757
5456 -0.032997 0.934200
5458 -0.023614 -0.011779
5460 -0.014318 0.003533
5462 -0.005114 -0.760702
5464 0.003993 -0.483376
5466 0.012998 -0.786487
5468 0.021895 0.786938
5470 0.030681 0.413649
5472 0.039349 0.528358
5474 0.047895 -0.156390
5476 0.056313 -0.254145
5478 0.064599 0.434141
5480 0.072748 -0.483338
5482 0.080755 1.067289
5484 0.088615 -0.870779
5486 0.096323 0.888107
5488 0.103874 -0.077398
5490 0.111264 0.284285
5492 0.118489 0.833903
5494 0.125542 0.709439
5496 0.132420 -0.077221
5498 0.139119 0.564370
5500 0.145633 0.603121
5502 0.151958 0.854489
5504 0.158090 1.080700
5506 0.164025 0.761280
5508 0.169757 0.356318
5510 0.175284 -0.468413
5512 0.180600 -0.626509
5514 0.185702 0.846705
5516 0.190585 -0.014718
5518 0.195246 -0.653011
5520 0.199681 -0.135859
5522 0.203886 1.008025
5524 0.207857 -0.404427
5526 0.211590 0.380217
5528 0.215081 1.211249
5530 0.218328 -0.637420
5532 0.221327 -0.235602
5534 0.224074 0.700710
5536 0.226565 0.157981
5538 0.228799 0.452850
5540 0.230771 0.068380
5542 0.232479 0.599235
5544 0.233919 0.435931
5546 0.235088 0.104734
5548 0.235985 0.385961
5550 0.236605 -0.751209
5552 0.236947 -0.728929
5554 0.237007 0.093873
5556 0.236784 0.824361
5558 0.236275 0.052276
5560 0.235478 -0.490861
5562 0.234390 0.271030
5564 0.233010 -0.256849
5566 0.231336 -0.580746
5568 0.229365 -0.145052
5570 0.227095 0.915532
5572 0.224526 -0.239467
5574 0.221656 0.031970
5576 0.218483 0.559820
5578 0.215005 0.537667
5580 0.211222 0.165303
5582 0.207132 1.205024
5584 0.202735 0.321705
5586 0.198029 0.532074
5588 0.193013 0.351864
5590 0.187687 0.295244
5592 0.182051 0.652858
5594 0.176102 0.870631
5596 0.169842 -0.253258
5598 0.163270 -0.441696
5600 0.156386 0.067885
5602 0.149189 0.556731
5604 0.141679 0.896622
5606 0.133858 -0.759356
5608 0.125724 -0.603685
5610 0.117279 0.015732
5612 0.108523 -0.778835
5614 0.099457 -0.602018
5616 0.090080 0.839354
5618 0.080394 0.774718
5620 0.070401 0.179187
5622 0.060100 -0.922545
5624 0.049493 -0.224961
5626 0.038582 0.652260
5628 0.027368 -0.772436
5630 0.015851 0.362081
5632 0.004035 0.301432
5634 -0.008080 -0.276409
5636 -0.020491 -0.868290
5638 -0.033197 -0.398610
5640 -0.046196 -0.995811
5642 -0.059485 0.043054
5644 -0.073063 -0.444118
5646 -0.086926 0.079108
5648 -0.101073 -0.667593
5650 -0.115500 0.669413
5652 -0.130205 -0.859272
5654 -0.145186 0.756674
5656 -0.160439 0.316809
5658 -0.175961 -0.330083
5660 -0.191749 -0.896568
5662 -0.207800 -0.820520
5664 -0.224111 -0.971906
5666 -0.240678 -1.191515
5668 -0.257497 -0.764133
5670 -0.274565 -0.752209
5672 -0.291878 -0.344437
5674 -0.309433 -0.703330
5676 -0.327224 -0.505973
5678 -0.345249 -0.647886
5680 -0.363504 -1.062148
5682 -0.381983 0.549269
5684 -0.400682 -0.684462
5686 -0.419598 -0.390903
5688 -0.438725 0.108294
5690 -0.458059 -0.539255
5692 -0.477595 -1.099982
5694 -0.497329 -0.649920
5696 -0.517255 0.136520
5698 -0.537369 -1.003942
5700 -0.557665 -0.071743
5702 -0.578139 0.130265
5704 -0.598785 0.041743
5706 -0.619598 -1.499846
5708 -0.640572 -0.760926
5710 -0.661702 -1.582159
5712 -0.682982 0.227546
5714 -0.704408 -0.547632
5716 -0.725972 -1.738039
5718 -0.747670 -0.353028
5720 -0.769496 -1.759637
5722 -0.791443 -1.500784
5724 -0.813506 -0.023696
5726 -0.835679 -1.565384
5728 -0.857955 -1.509557
5730 -0.880329 -1.588231
5732 -0.902794 -1.100872
5734 -0.925344 -0.619883
5736 -0.947973 -1.039799
5738 -0.970674 -0.337175
5740 -0.993441 -1.979938
5742 -1.016268 -0.795706
5744 -1.039147 -0.463008
5746 -1.062073 -1.320605
5748 -1.085038 -1.823681
5750 -1.108036 -0.972421
5752 -1.131061 -0.457976
5754 -1.154106 -1.501965
5756 -1.177163 -2.180609
5758 -1.200227 -0.859478
5760 -1.223289 -1.023476
5762 -1.246345 -0.749265
5764 -1.269385 -1.205273
5766 -1.292405 -1.436747
5768 -1.315395 -0.682892
5770 -1.338351 -0.378564
5772 -1.361264 -1.409680
5774 -1.384129 -0.824358
5776 -1.406936 -1.273283
5778 -1.429681 -1.472720
5780 -1.452355 -1.480148
5782 -1.474952 -1.313297
5784 -1.497464 -1.231352
5786 -1.519885 -1.739031
5788 -1.542208 -1.091076
5790 -1.564425 -0.930390
5792 -1.586529 -1.493711
5794 -1.608514 -2.335256
5796 -1.630372 -1.670335
5798 -1.652096 -2.630229
5800 -1.673680 -0.745715
5802 -1.695116 -1.700039
5804 -1.716397 -1.452105
5806 -1.737516 -1.211225
5808 -1.758467 -0.999415
5810 -1.779243 -1.230768
5812 -1.799836 -2.114789
5814 -1.820240 -1.364650
5816 -1.840447 -2.616071
5818 -1.860452 -2.154785
5820 -1.880247 -2.059542
5822 -1.899826 -1.450972
5824 -1.919181 -2.691477
5826 -1.938307 -1.028242
5828 -1.957196 -2.627151
5830 -1.975843 -1.089819
5832 -1.994240 -1.098295
5834 -2.012381 -1.704384
5836 -2.030259 -1.557831
5838 -2.047869 -1.991373
5840 -2.065204 -2.773088
5842 -2.082257 -2.610209
5844 -2.099023 -2.853210
5846 -2.115495 -1.529361
5848 -2.131667 -1.850619
5850 -2.147534 -1.422209
5852 -2.163089 -1.914311
5854 -2.178327 -2.775627
5856 -2.193241 -3.165606
5858 -2.207826 -2.969746
5860 -2.222076 -2.768038
5862 -2.235986 -3.250714
5864 -2.249550 -1.986525
5866 -2.262763 -1.514375
5868 -2.275619 -1.733815
5870 -2.288114 -2.235619
5872 -2.300241 -1.972790
5874 -2.311997 -3.054392
5876 -2.323375 -2.784378
5878 -2.334372 -1.751479
5880 -2.344982 -2.350499
5882 -2.355200 -1.964148
5884 -2.365022 -2.301793
5886 -2.374444 -2.120650
5888 -2.383461 -2.050617
5890 -2.392068 -1.966955
5892 -2.400263 -2.228501
5894 -2.408039 -2.147209
5896 -2.415394 -2.650151
5898 -2.422323 -2.745916
5900 -2.428823 -3.079203
5902 -2.434891 -2.345169
5904 -2.440521 -2.259640
5906 -2.445712 -2.817797
5908 -2.450459 -2.742074
5910 -2.454760 -2.960261
5912 -2.458611 -3.072769
5914 -2.462010 -3.472219
5916 -2.464953 -2.535108
5918 -2.467438 -3.021304
5920 -2.469462 -3.208931
5922 -2.471022 -2.054485
5924 -2.472117 -3.008069
5926 -2.472743 -1.916567
5928 -2.472900 -2.275381
5930 -2.472584 -3.434174
5932 -2.471794 -2.830607
5934 -2.470528 -2.913093
5936 -2.468784 -3.140364
5938 -2.466561 -2.254039
5940 -2.463858 -3.291267
5942 -2.460673 -2.105589
5944 -2.457006 -2.821339
5946 -2.452854 -2.185039
5948 -2.448218 -2.807450
5950 -2.443096 -3.442811
5952 -2.437488 -2.712906
5954 -2.431394 -1.587339
5956 -2.424813 -2.132308
5958 -2.417744 -1.896675
5960 -2.410189 -2.858634
5962 -2.402146 -1.729089
5964 -2.393617 -2.752061
5966 -2.384600 -1.621575
5968 -2.375098 -3.043720
5970 -2.365110 -1.984953
5972 -2.354638 -3.067096
5974 -2.343681 -2.596648
5976 -2.332242 -1.932694
5978 -2.320320 -2.073555
5980 -2.307918 -2.085601
5982 -2.295037 -1.606044
5984 -2.281678 -2.589703
5986 -2.267843 -1.553056
5988 -2.253533 -1.980200
5990 -2.238752 -1.321358
5992 -2.223500 -1.442676
5994 -2.207780 -1.265911
5996 -2.191594 -2.689703
5998 -2.174945 -3.038930
6000 -2.157835 -1.976973
6002 -2.140267 -2.439619
6004 -2.122244 -1.605293
6006 -2.103769 -1.261708
6008 -2.084844 -3.091175
6010 -2.065473 -2.882881
6012 -2.045660 -1.178780
6014 -2.025408 -2.282968
6016 -2.004719 -2.954236
6018 -1.983599 -1.800737
6020 -1.962051 -2.675428
6022 -1.940079 -2.315297
6024 -1.917686 -2.039399
6026 -1.894878 -1.944713
6028 -1.871658 -2.462253
6030 -1.848030 -1.617159
6032 -1.824001 -2.472872
6034 -1.799573 -2.082223
6036 -1.774752 -2.776853
6038 -1.749542 -0.979287
6040 -1.723949 -0.740674
6042 -1.697978 -1.459027
6044 -1.671634 -1.194080
6046 -1.644921 -1.951800
6048 -1.617847 -1.646676
6050 -1.590415 -1.822538
6052 -1.562633 -1.935574
6054 -1.534504 -1.766417
6056 -1.506036 -1.780653
6058 -1.477234 -1.333108
6060 -1.448105 -1.529289
6062 -1.418653 -0.498162
6064 -1.388886 -0.530337
6066 -1.358810 -1.909742
6068 -1.328430 -0.553055
6070 -1.297754 -0.433194
6072 -1.266789 -1.623270
6074 -1.235540 -0.581912
6076 -1.204014 -1.586131
6078 -1.172218 -1.467826
6080 -1.140160 -1.293773
6082 -1.107845 -1.193940
6084 -1.075281 -0.737207
6086 -1.042476 -0.309402
6088 -1.009435 -0.137469
6090 -0.976167 -0.221297
6092 -0.942679 -0.971848
6094 -0.908977 -1.679505
6096 -0.875070 -1.396981
6098 -0.840965 -0.866877
6100 -0.806669 0.197906
6102 -0.772191 -1.306490
6104 -0.737536 -1.520674
6106 -0.702714 -0.217274
6108 -0.667732 -0.506113
6110 -0.632598 -0.442281
6112 -0.597319 -1.342232
6114 -0.561904 0.228030
6116 -0.526359 0.432787
6118 -0.490695 -0.509994
6120 -0.454917 -0.521139
6122 -0.419034 -0.541866
6124 -0.383055 -0.483168
6126 -0.346987 -0.556474
6128 -0.310838 0.013075
6130 -0.274617 -0.602184
6132 -0.238331 -0.586593
6134 -0.201989 0.761604
6136 -0.165599 -0.843879
6138 -0.129169 0.135611
6140 -0.092707 -0.430060
6142 -0.056222 0.106051
6144 -0.019721 -0.847363
6146 0.016787 1.010691
6148 0.053294 -0.058664
6150 0.089791 -0.873673
6152 0.126272 0.866777
6154 0.162726 1.012851
6156 0.199147 -0.544067
6158 0.235526 -0.555574
6160 0.271855 0.085905
6162 0.308125 -0.441139
6164 0.344329 0.007845
6166 0.380459 0.399831
6168 0.416505 1.140690
6170 0.452461 1.265159
6172 0.488319 -0.314872
6174 0.524069 1.490024
6176 0.559705 1.148587
6178 0.595218 -0.263002
6180 0.630600 0.562658
6182 0.665844 0.173489
6184 0.700941 0.704464
6186 0.735884 1.551998
6188 0.770666 1.052593
6190 0.805277 0.116090
6192 0.839712 0.311247
6194 0.873961 1.790234
6196 0.908019 0.164656
6198 0.941876 0.716993
6200 0.975526 1.138079
6202 1.008961 0.909391
6204 1.042174 1.960361
6206 1.075157 1.390524
6208 1.107905 0.982359
6210 1.140408 0.926429
6212 1.172661 1.504035
6214 1.204656 0.798774
6216 1.236387 0.851386
6218 1.267846 1.834561
6220 1.299027 1.080312
6222 1.329923 1.736957
6224 1.360528 2.155689
6226 1.390835 1.813080
6228 1.420838 0.824430
6230 1.450530 1.946811
6232 1.479905 1.691542
6234 1.508956 1.085821
6236 1.537679 1.976155
6238 1.566067 1.342609
6240 1.594113 1.288574
6242 1.621813 0.967964
6244 1.649161 1.908777
6246 1.676150 2.349382
6248 1.702776 0.840117
6250 1.729033 1.245492
6252 1.754916 2.713723
6254 1.780420 1.363914
6256 1.805539 1.212754
6258 1.830269 1.020072
6260 1.854605 2.187460
6262 1.878542 2.422448
6264 1.902075 1.966350
6266 1.925201 2.150198
6268 1.947914 1.781064
6270 1.970211 2.882749
6272 1.992087 2.976857
6274 2.013538 1.151765
6276 2.034561 1.514882
6278 2.055151 1.628557
6280 2.075305 2.753865
6282 2.095019 2.330235
6284 2.114290 3.068342
6286 2.133115 2.580460
6288 2.151490 1.782596
6290 2.169413 1.500734
6292 2.186880 2.104225
6294 2.203889 3.020401
6296 2.220436 2.102454
6298 2.236521 1.566244
6300 2.252139 1.819179
6302 2.267290 2.817844
6304 2.281970 1.932022
6306 2.296178 3.097123
6308 2.309911 2.508109
6310 2.323169 2.085105
6312 2.335949 1.628038
6314 2.348250 2.480091
6316 2.360071 2.680500
6318 2.371410 2.045885
6320 2.382267 2.679263
6322 2.392639 2.021468
6324 2.402528 1.596653
6326 2.411931 1.749157
6328 2.420848 3.250850
6330 2.429280 2.432962
6332 2.437225 1.663637
6334 2.444683 3.236352
6336 2.451655 2.570722
6338 2.458141 2.142300
6340 2.464140 1.806920
6342 2.469653 2.245274
6344 2.474681 3.372347
6346 2.479225 1.754654
6348 2.483284 1.685162
6350 2.486860 1.994870
6352 2.489955 2.076276
6354 2.492568 2.591705
6356 2.494703 1.799490
6358 2.496359 2.945323
6360 2.497538 2.907393
6362 2.498242 2.351442
6364 2.498474 2.479752
6366 2.498234 1.540295
6368 2.497525 2.134228
6370 2.496350 1.658794
6372 2.494709 2.282095
6374 2.492606 2.405214
6376 2.490044 2.768582
6378 2.487025 1.579535
6380 2.483551 3.055780
6382 2.479626 2.040765
6384 2.475253 2.182663
6386 2.470434 3.223334
6388 2.465174 2.350565
6390 2.459475 1.984401
6392 2.453341 2.197932
6394 2.446775 2.547089
6396 2.439782 1.745396
6398 2.432364 3.285556
6400 2.424527 3.199055
6402 2.416273 2.055250
6404 2.407607 2.027536
6406 2.398534 3.062386
6408 2.389057 2.295667
6410 2.379181 2.193742
6412 2.368911 1.534083
6414 2.358250 2.845056
6416 2.347205 3.255345
6418 2.335779 1.800754
6420 2.323978 2.255341
6422 2.311806 2.625978
6424 2.299269 2.614208
6426 2.286372 3.196369
6428 2.273120 2.627305
6430 2.259518 3.209712
6432 2.245572 1.317171
6434 2.231288 1.372624
6436 2.216670 2.079848
6438 2.201725 2.552854
6440 2.186458 1.421916
6442 2.170875 1.608516
6444 2.154982 3.070109
6446 2.138784 2.085141
6448 2.122289 1.316948
6450 2.105502 1.910771
6452 2.088428 2.565097
6454 2.071075 2.016348
6456 2.053449 2.965694
6458 2.035555 2.825141
6460 2.017400 1.823811
6462 1.998991 2.694356
6464 1.980334 1.418133
6466 1.961435 2.397657
6468 1.942301 2.312048
6470 1.922940 2.278526
6472 1.903356 1.165965
6474 1.883557 2.430951
6476 1.863550 1.719065
6478 1.843342 1.027863
6480 1.822939 0.849728
6482 1.802348 2.604294
6484 1.781576 2.295983
6486 1.760629 2.118718
6488 1.739515 2.468466
6490 1.718241 1.604485
6492 1.696813 2.023391
6494 1.675239 2.494724
6496 1.653525 1.700681
6498 1.631679 0.841648
6500 1.609706 1.801170
6502 1.587616 1.891713
6504 1.565413 1.235138
6506 1.543107 1.672440
6508 1.520702 0.794523
6510 1.498207 1.386580
6512 1.475628 0.434841
6514 1.452973 2.228688
6516 1.430249 2.289732
6518 1.407461 2.305366
6520 1.384618 1.976970
6522 1.361727 1.055272
6524 1.338794 1.960311
6526 1.315826 0.374817
6528 1.292830 0.452024
6530 1.269813 1.291086
6532 1.246782 1.691947
6534 1.223744 0.676706
6536 1.200706 0.801099
6538 1.177674 0.510641
6540 1.154655 0.824982
6542 1.131656 0.792232
6544 1.108683 0.277535
6546 1.085743 0.304954
6548 1.062844 0.116518
6550 1.039990 1.973327
6552 1.017189 1.158697
6554 0.994448 1.411265
6556 0.971772 1.761665
6558 0.949168 0.175401
6560 0.926643 1.591489
6562 0.904202 0.924103
6564 0.881852 1.451202
6566 0.859599 0.233659
6568 0.837449 0.026633
6570 0.815408 1.698981
6572 0.793482 1.096762
6574 0.771677 -0.038643
6576 0.749999 1.450999
6578 0.728454 0.933349
6580 0.707046 -0.162826
6582 0.685783 1.022081
6584 0.664669 1.606449
6586 0.643709 1.439079
6588 0.622910 1.062300
6590 0.602277 -0.252281
6592 0.581814 0.443281
6594 0.561528 0.491254
6596 0.541422 0.185337
6598 0.521503 1.029202
6600 0.501774 0.810627
6602 0.482242 0.842952
6604 0.462909 -0.322047
6606 0.443782 0.968544
6608 0.424865 1.052122
6610 0.406162 -0.277515
6612 0.387677 0.893641
6614 0.369415 0.186294
6616 0.351380 1.132871
6618 0.333577 0.678012
6620 0.316008 0.407914
6622 0.298678 0.794017
6624 0.281591 -0.304876
6626 0.264751 -0.024611
6628 0.248160 1.167115
6630 0.231823 -0.115742
6632 0.215743 -0.140175
6634 0.199923 0.472169
6636 0.184367 0.076623
6638 0.169076 -0.435581
6640 0.154056 -0.318436
6642 0.139307 0.212154
6644 0.124834 0.907023
6646 0.110638 -0.369450
6648 0.096722 0.015623
6650 0.083089 0.355403
6652 0.069741 -0.214130
6654 0.056680 0.887851
6656 0.043908 -0.703231
6658 0.031428 0.442298
6660 0.019240 0.408931
6662 0.007348 0.619863
6664 -0.004248 -0.181895
6666 -0.015546 0.639920
6668 -0.026545 0.161413
6670 -0.037242 -0.537015
6672 -0.047638 -1.025306
6674 -0.057730 -0.313353
6676 -0.067519 0.299945
6678 -0.077002 0.777069
6680 -0.086180 -0.947240
6682 -0.095051 -0.585685
6684 -0.103615 0.295647
6686 -0.111872 -0.509702
6688 -0.119822 0.149714
6690 -0.127463 0.240108
6692 -0.134797 0.168974
6694 -0.141822 0.820760
6696 -0.148540 -0.459969
6698 -0.154950 -0.910391
6700 -0.161053 -0.754829
6702 -0.166849 0.097285
6704 -0.172339 0.192867
6706 -0.177523 -0.941577
6708 -0.182402 0.648900
6710 -0.186978 -0.855903
6712 -0.191251 0.363679
6714 -0.195222 -0.601429
6716 -0.198892 -0.990605
6718 -0.202263 0.651239
6720 -0.205336 -1.155303
6722 -0.208113 0.434885
6724 -0.210595 0.300081
6726 -0.212784 -0.296110
6728 -0.214681 0.127689
6730 -0.216290 -0.474141
6732 -0.217611 0.242405
6734 -0.218646 0.188759
6736 -0.219399 0.309409
6738 -0.219871 -0.350540
6740 -0.220065 0.082825
6742 -0.219983 0.488729
6744 -0.219627 0.199575
6746 -0.219001 -0.476811
6748 -0.218107 -0.867663
6750 -0.216947 -0.489134
6752 -0.215526 -1.067183
6754 -0.213846 0.478448
6756 -0.211909 -0.483945
6758 -0.209720 -0.335758
6760 -0.207281 0.766092
6762 -0.204595 -0.034424
6764 -0.201667 -1.028132
6766 -0.198499 0.174965
6768 -0.195096 0.245348
6770 -0.191460 -1.152863
6772 -0.187596 0.550128
6774 -0.183507 -0.155530
6776 -0.179197 -0.514794
6778 -0.174671 0.802758
6780 -0.169931 -0.257639
6782 -0.164982 -0.420342
6784 -0.159829 0.490185
6786 -0.154474 -0.702542
6788 -0.148924 0.540725
6790 -0.143181 -0.123097
6792 -0.137250 0.083889
6794 -0.131136 0.044939
6796 -0.124842 -0.671595
6798 -0.118374 -0.343327
6800 -0.111737 -1.041895
6802 -0.104933 0.674970
6804 -0.097969 -0.591117
6806 -0.090849 0.420610
6808 -0.083578 -0.539753
6810 -0.076160 -0.197819
6812 -0.068599 -0.808974
6814 -0.060902 -0.349079
6816 -0.053073 -0.463483
6818 -0.045117 -0.039275
6820 -0.037038 0.566292
6822 -0.028842 -0.449045
6824 -0.020533 -0.828401
6826 -0.012117 0.780151
6828 -0.003598 0.964346
6830 0.005018 0.651554
6832 0.013726 0.857826
6834 0.022522 0.740696
6836 0.031399 -0.282311
6838 0.040354 -0.440098
6840 0.049381 0.755295
6842 0.058474 0.666632
6844 0.067629 0.340656
6846 0.076841 0.440869
6848 0.086104 -0.846445
6850 0.095413 0.064710
6852 0.104764 -0.505245
6854 0.114150 0.407878
6856 0.123568 -0.726665
6858 0.133011 -0.020097
6860 0.142474 -0.785840
6862 0.151954 -0.626268
6864 0.161443 -0.210334
6866 0.170939 -0.249838
6868 0.180434 0.913616
6870 0.189925 0.361176
6872 0.199406 0.655434
6874 0.208872 1.199406
6876 0.218318 1.098385
6878 0.227740 -0.730385
6880 0.237132 0.229031
6882 0.246490 0.724678
6884 0.255808 -0.128459
6886 0.265082 0.442448
6888 0.274307 0.537374
6890 0.283478 -0.140956
6892 0.292591 0.107662
6894 0.301641 0.399260
6896 0.310623 -0.405899
6898 0.319532 0.809921
6900 0.328364 0.933853
6902 0.337115 1.314127
6904 0.345780 0.431245
6906 0.354355 0.219093
6908 0.362835 0.689405
6910 0.371216 0.508974
6912 0.379493 1.197687
6914 0.387664 1.087705
6916 0.395722 -0.189987
6918 0.403665 1.353762
6920 0.411488 -0.060108
6922 0.419187 -0.114025
6924 0.426759 -0.421209
6926 0.434199 0.570334
6928 0.441504 0.466380
6930 0.448670 1.312110
6932 0.455694 -0.259326
6934 0.462571 -0.079557
6936 0.469299 1.299620
6938 0.475874 -0.383348
6940 0.482292 -0.042837
6942 0.488551 0.285293
6944 0.494647 1.087541
6946 0.500576 0.564519
6948 0.506337 1.453202
6950 0.511926 0.340068
6952 0.517339 1.128461
6954 0.522575 0.255564
6956 0.527631 1.423891
6958 0.532503 1.397056
6960 0.537189 -0.270019
6962 0.541688 1.012319
6964 0.545996 1.355918
6966 0.550111 0.796208
6968 0.554030 -0.143267
6970 0.557753 0.661078
6972 0.561276 -0.088528
6974 0.564598 -0.348649
6976 0.567716 0.336463
6978 0.570630 0.300028
6980 0.573337 1.574639
6982 0.575836 0.836987
6984 0.578125 0.737868
6986 0.580203 -0.303341
6988 0.582068 -0.057950
6990 0.583720 -0.269382
6992 0.585156 1.526923
6994 0.586377 0.192810
6996 0.587380 0.153230
6998 0.588166 1.320953
7000 0.588733 0.296270
7002 0.589081 0.589763
7004 0.589209 0.078344
7006 0.589117 -0.151192
7008 0.588804 1.612351
7010 0.588269 -0.017136
7012 0.587514 0.633625
7014 0.586537 1.179174
7016 0.585338 0.670590
7018 0.583919 0.483667
7020 0.582277 0.996564
7022 0.580415 0.815282
7024 0.578333 -0.094726
7026 0.576030 0.756547
7028 0.573507 0.010535
7030 0.570765 0.156239
7032 0.567805 -0.192748
7034 0.564628 0.307240
7036 0.561234 0.188642
7038 0.557624 0.520801
7040 0.553799 0.980607
7042 0.549761 0.133091
7044 0.545511 -0.275710
7046 0.541050 0.081892
7048 0.536380 0.190306
7050 0.531502 0.024263
7052 0.526417 0.168025
7054 0.521128 0.070568
7056 0.515636 0.568464
7058 0.509943 0.670931
7060 0.504051 -0.260288
7062 0.497963 1.211676
7064 0.491679 -0.393379
7066 0.485202 0.163204
7068 0.478535 1.405088
7070 0.471680 -0.436731
7072 0.464639 0.490295
7074 0.457415 0.383106
7076 0.450010 1.087242
7078 0.442427 -0.493673
7080 0.434669 1.213096
7082 0.426738 0.431248
7084 0.418638 0.670408
7086 0.410371 -0.531235
7088 0.401940 -0.459978
7090 0.393349 1.035240
7092 0.384600 -0.018393
7094 0.375696 -0.293581
7096 0.366642 -0.295597
7098 0.357440 0.535184
7100 0.348093 0.595401
7102 0.338606 1.056670
7104 0.328981 1.043644
7106 0.319222 0.699002
7108 0.309333 -0.477958
7110 0.299317 -0.378172
7112 0.289178 1.115767
7114 0.278920 0.087419
7116 0.268547 0.094820
7118 0.258063 0.091949
7120 0.247470 1.171582
7122 0.236775 0.253496
7124 0.225979 -0.271465
7126 0.215088 1.209274
7128 0.204105 0.854144
7130 0.193035 -0.422350
7132 0.181882 -0.776641
7134 0.170649 -0.197752
7136 0.159342 0.425761
7138 0.147964 0.783002
7140 0.136520 -0.211432
7142 0.125013 0.126637
7144 0.113449 -0.289993
7146 0.101832 0.962899
7148 0.090165 0.107676
7150 0.078454 -0.229162
7152 0.066703 0.527661
7154 0.054916 0.627694
7156 0.043097 0.024730
7158 0.031252 0.788768
7160 0.019384 -0.271020
7162 0.007498 -0.804207
7164 -0.004401 0.430819
7166 -0.016309 -0.632121
7168 -0.028222 0.500077
7170 -0.040135 0.568318
7172 -0.052043 -0.384516
7174 -0.063942 0.252079
7176 -0.075827 -0.697432
7178 -0.087695 0.367863
7180 -0.099540 -0.987555
7182 -0.111358 -0.846452
7184 -0.123144 -0.688141
7186 -0.134895 -0.557301
7188 -0.146605 -0.924128
7190 -0.158270 -1.109509
7192 -0.169887 -0.243622
7194 -0.181449 -0.953098
7196 -0.192954 -0.547854
7198 -0.204396 -1.046627
7200 -0.215772 0.613049
7202 -0.227077 0.035853
7204 -0.238307 -0.112779
7206 -0.249457 -0.857589
7208 -0.260523 -0.169681
7210 -0.271502 -1.161262
7212 -0.282389 -0.230576
7214 -0.293179 -0.773458
7216 -0.303870 0.347432
7218 -0.314456 0.687635
7220 -0.324934 -1.078686
7222 -0.335300 -1.005028
7224 -0.345550 -1.185424
7226 -0.355680 0.295895
7228 -0.365687 -0.680752
7230 -0.375565 0.283701
7232 -0.385313 -0.154077
7234 -0.394926 -0.070889
7236 -0.404401 -0.457170
7238 -0.413733 0.168209
7240 -0.422921 -0.670647
7242 -0.431959 -0.399698
7244 -0.440845 0.379415
7246 -0.449575 -0.288521
7248 -0.458147 0.125850
7250 -0.466556 -1.449312
7252 -0.474801 -0.290114
7254 -0.482877 -0.997382
7256 -0.490782 -1.269592
7258 -0.498513 0.307228
7260 -0.506066 -0.886490
7262 -0.513440 -1.486759
7264 -0.520632 -0.474936
7266 -0.527639 0.194845
7268 -0.534458 -1.138176
7270 -0.541086 -1.426466
7272 -0.547522 0.263632
7274 -0.553764 -0.126894
7276 -0.559808 -0.946346
7278 -0.565653 -0.123735
7280 -0.571296 -0.162535
7282 -0.576736 -0.736889
7284 -0.581971 0.170690
7286 -0.586998 -0.037308
7288 -0.591817 -1.119264
7290 -0.596425 -1.177372
7292 -0.600820 -0.410084
7294 -0.605002 0.080886
7296 -0.608969 0.116537
7298 -0.612719 -1.492022
7300 -0.616252 -0.365381
7302 -0.619565 -1.158440
7304 -0.622659 -0.486052
7306 -0.625532 -0.570452
7308 -0.628183 -0.021757
7310 -0.630612 -0.925468
7312 -0.632817 -0.575664
7314 -0.634798 -0.858573
7316 -0.636555 -0.460522
7318 -0.638087 -0.374072
7320 -0.639394 -1.071482
7322 -0.640476 0.141350
7324 -0.641332 -0.364154
7326 -0.641963 -0.041611
7328 -0.642368 -0.151058
7330 -0.642547 0.018166
7332 -0.642502 0.059974
7334 -0.642231 -0.352020
7336 -0.641737 -0.566165
7338 -0.641018 -1.336857
7340 -0.640076 -0.919491
7342 -0.638912 -1.165896
7344 -0.637525 -0.504611
7346 -0.635918 -1.173548
7348 -0.634091 -1.622047
7350 -0.632045 -0.037032
7352 -0.629782 -0.758608
7354 -0.627302 -0.434570
7356 -0.624607 -0.353558
7358 -0.621698 -1.034681
7360 -0.618578 -0.314625
7362 -0.615247 -1.102623
7364 -0.611707 -0.572683
7366 -0.607961 -1.176346
7368 -0.604009 -0.045083
7370 -0.599855 -0.963020
7372 -0.595499 -0.467199
7374 -0.590945 -0.983170
7376 -0.586195 -0.181290
7378 -0.581250 -1.284928
7380 -0.576114 0.287805
7382 -0.570788 0.394292
7384 -0.565276 -1.494735
7386 -0.559580 -0.425964
7388 -0.553703 0.004369
7390 -0.547648 0.006960
7392 -0.541417 -0.754219
7394 -0.535014 -0.281491
7396 -0.528441 -0.690545
7398 -0.521703 0.334243
7400 -0.514801 0.036152
7402 -0.507740 0.044100
7404 -0.500523 -1.178118
7406 -0.493153 -0.815762
7408 -0.485634 -1.477824
7410 -0.477970 -1.149848
7412 -0.470163 -1.204018
7414 -0.462219 -0.589431
7416 -0.454140 0.060577
7418 -0.445930 0.085181
7420 -0.437594 0.016179
7422 -0.429136 -0.616450
7424 -0.420559 -1.382765
7426 -0.411868 -0.924972
7428 -0.403067 -0.164633
7430 -0.394160 0.196726
7432 -0.385151 -0.267227
7434 -0.376045 -1.015094
7436 -0.366846 -1.173948
7438 -0.357559 -0.840477
7440 -0.348188 -0.696647
7442 -0.338738 -1.287643
7444 -0.329213 -0.852766
7446 -0.319617 -0.603249
7448 -0.309957 -0.130959
7450 -0.300236 -1.271434
7452 -0.290459 -1.025205
7454 -0.280631 0.679833
7456 -0.270757 0.005824
7458 -0.260842 -0.163450
7460 -0.250890 0.559744
7462 -0.240907 -0.419170
7464 -0.230897 -0.587485
7466 -0.220866 -1.093672
7468 -0.210819 0.282437
7470 -0.200760 -0.555441
7472 -0.190695 -0.741315
7474 -0.180628 0.572801
7476 -0.170566 0.341532
7478 -0.160512 0.797537
7480 -0.150473 0.127979
7482 -0.140453 -0.180714
7484 -0.130458 -0.365899
7486 -0.120493 0.189532
7488 -0.110562 0.329804
7490 -0.100671 0.896002
7492 -0.090826 -0.196285
7494 -0.081031 -0.529164
7496 -0.071292 -0.720142
7498 -0.061614 0.019296
7500 -0.052002 0.010363
7502 -0.042461 -0.046411
7504 -0.032997 0.092310
7506 -0.023614 0.508442
7508 -0.014318 0.691287
7510 -0.005114 -0.707682
7512 0.003993 0.557919
7514 0.012998 0.976866
7516 0.021895 -0.727258
7518 0.030681 -0.145923
7520 0.039349 0.093437
7522 0.047895 -0.897856
7524 0.056313 0.694155
7526 0.064599 0.754749
7528 0.072748 -0.753219
7530 0.080755 0.204384
7532 0.088615 -0.583445
7534 0.096323 -0.287850
7536 0.103874 -0.026710
7538 0.111264 0.943605
7540 0.118489 -0.315388
7542 0.125542 -0.734397
7544 0.132420 -0.083360
7546 0.139119 0.461888
7548 0.145633 0.587755
7550 0.151958 -0.631469
7552 0.158090 0.469473
7554 0.164025 -0.507419
7556 0.169757 -0.069954
7558 0.175284 0.829623
7560 0.180600 0.581832
7562 0.185702 1.000083
7564 0.190585 -0.167336
7566 0.195246 -0.286561
7568 0.199681 0.537739
7570 0.203886 -0.456840
7572 0.207857 0.015044
7574 0.211590 0.095111
7576 0.215081 -0.490263
7578 0.218328 0.267855
7580 0.221327 0.919719
7582 0.224074 0.564277
7584 0.226565 0.321789
7586 0.228799 0.556471
7588 0.230771 0.252555
7590 0.232479 0.493163
7592 0.233919 -0.323353
7594 0.235088 0.576243
7596 0.235985 1.103932
7598 0.236605 0.540195
7600 0.236947 0.401900
7602 0.237007 -0.337447
7604 0.236784 0.671929
7606 0.236275 1.176965
7608 0.235478 0.975337
7610 0.234390 0.103232
7612 0.233010 -0.618118
7614 0.231336 0.274225
7616 0.229365 0.418452
7618 0.227095 0.127991
7620 0.224526 -0.086460
7622 0.221656 -0.196186
7624 0.218483 -0.074344
7626 0.215005 0.538056
7628 0.211222 0.303597
7630 0.207132 -0.755541
7632 0.202735 0.857230
7634 0.198029 1.089840
7636 0.193013 0.106192
7638 0.187687 1.129256
7640 0.182051 0.115899
7642 0.176102 -0.219720
7644 0.169842 0.444321
7646 0.163270 -0.814847
7648 0.156386 1.081156
7650 0.149189 -0.561515
7652 0.141679 0.417398
7654 0.133858 -0.505368
7656 0.125724 0.749578
7658 0.117279 0.254479
7660 0.108523 0.766557
7662 0.099457 -0.117926
7664 0.090080 0.646781
7666 0.080394 0.167678
7668 0.070401 -0.212031
7670 0.060100 0.351080
7672 0.049493 1.000201
7674 0.038582 -0.100227
7676 0.027368 -0.643840
7678 0.015851 0.150747
7680 0.004035 0.761403
7682 -0.008080 0.005194
7684 -0.020491 0.692221
7686 -0.033197 -0.572802
7688 -0.046196 -0.713818
7690 -0.059485 -0.258141
7692 -0.073063 -0.578875
7694 -0.086926 0.896625
7696 -0.101073 -0.411022
7698 -0.115500 0.288983
7700 -0.130205 0.792257
7702 -0.145186 0.476285
7704 -0.160439 -1.153971
7706 -0.175961 0.019024
7708 -0.191749 0.449892
7710 -0.207800 0.721972
7712 -0.224111 0.258956
7714 -0.240678 -0.324279
7716 -0.257497 -0.967653
7718 -0.274565 -0.168085
7720 -0.291878 -1.238453
7722 -0.309433 0.638541
7724 -0.327224 0.562244
7726 -0.345249 0.265525
7728 -0.363504 -0.327317
7730 -0.381983 -0.773732
7732 -0.400682 -0.497425
7734 -0.419598 -0.430909
7736 -0.438725 0.032805
7738 -0.458059 -0.223622
7740 -0.477595 -1.351323
7742 -0.497329 -0.265437
7744 -0.517255 -1.266243
7746 -0.537369 0.305227
7748 -0.557665 0.138548
7750 -0.578139 -0.990506
7752 -0.598785 -0.950283
7754 -0.619598 -1.424313
7756 -0.640572 -1.064180
7758 -0.661702 -0.317614
7760 -0.682982 -0.077350
7762 -0.704408 -1.199357
7764 -0.725972 -0.753882
7766 -0.747670 -0.128703
7768 -0.769496 -0.062255
7770 -0.791443 -1.170167
7772 -0.813506 -0.256880
7774 -0.835679 -0.637141
7776 -0.857955 -0.311703
7778 -0.880329 -0.024936
7780 -0.902794 -1.588504
7782 -0.925344 -0.316045
7784 -0.947973 -0.134633
7786 -0.970674 -1.756590
7788 -0.993441 -0.762688
7790 -1.016268 -1.155708
7792 -1.039147 -1.205424
7794 -1.062073 -1.916319
7796 -1.085038 -0.223690
7798 -1.108036 -1.790326
7800 -1.131061 -0.738057
7802 -1.154106 -2.153314
7804 -1.177163 -0.614032
7806 -1.200227 -0.542323
7808 -1.223289 -0.365656
7810 -1.246345 -0.972397
7812 -1.269385 -2.008889
7814 -1.292405 -1.770952
7816 -1.315395 -0.830491
7818 -1.338351 -1.485434
7820 -1.361264 -0.479339
7822 -1.384129 -1.276853
7824 -1.406936 -1.031878
7826 -1.429681 -1.558223
7828 -1.452355 -1.708319
7830 -1.474952 -1.374510
7832 -1.497464 -0.986239
7834 -1.519885 -2.200386
7836 -1.542208 -2.224046
7838 -1.564425 -1.487423
7840 -1.586529 -2.391771
7842 -1.608514 -1.955857
7844 -1.630372 -1.923530
7846 -1.652096 -2.623123
7848 -1.673680 -1.785731
7850 -1.695116 -0.735984
7852 -1.716397 -1.805001
7854 -1.737516 -0.993658
7856 -1.758467 -2.631075
7858 -1.779243 -1.983673
7860 -1.799836 -2.715126
7862 -1.820240 -1.276390
7864 -1.840447 -2.020325
7866 -1.860452 -1.188546
7868 -1.880247 -1.654127
7870 -1.899826 -2.197405
7872 -1.919181 -1.948369
7874 -1.938307 -1.426443
7876 -1.957196 -1.707789
7878 -1.975843 -2.494310
7880 -1.994240 -2.603365
7882 -2.012381 -1.854682
7884 -2.030259 -1.414817
7886 -2.047869 -1.255037
7888 -2.065204 -3.008890
7890 -2.082257 -2.695366
7892 -2.099023 -2.178087
7894 -2.115495 -1.520049
7896 -2.131667 -2.397131
7898 -2.147534 -1.880056
7900 -2.163089 -2.462032
7902 -2.178327 -2.220198
7904 -2.193241 -1.244053
7906 -2.207826 -1.770662
7908 -2.222076 -2.205503
7910 -2.235986 -2.369177
7912 -2.249550 -1.823387
7914 -2.262763 -1.304737
7916 -2.275619 -2.634711
7918 -2.288114 -1.704140
7920 -2.300241 -2.516056
7922 -2.311997 -2.555625
7924 -2.323375 -2.164639
7926 -2.334372 -1.698999
7928 -2.344982 -2.885493
7930 -2.355200 -2.938994
7932 -2.365022 -2.995747
7934 -2.374444 -1.912536
7936 -2.383461 -1.423664
7938 -2.392068 -1.741547
7940 -2.400263 -3.424878
7942 -2.408039 -3.025326
7944 -2.415394 -2.575041
7946 -2.422323 -1.799279
7948 -2.428823 -3.220985
7950 -2.434891 -2.505860
7952 -2.440521 -3.398160
7954 -2.445712 -2.284456
7956 -2.450459 -2.893454
7958 -2.454760 -2.645293
7960 -2.458611 -2.997275
7962 -2.462010 -2.171319
7964 -2.464953 -1.664712
7966 -2.467438 -3.024258
7968 -2.469462 -2.708948
7970 -2.471022 -2.621554
7972 -2.472117 -2.129486
7974 -2.472743 -3.253444
7976 -2.472900 -2.632811
7978 -2.472584 -3.456487
7980 -2.471794 -1.636006
7982 -2.470528 -1.813790
7984 -2.468784 -2.663911
7986 -2.466561 -2.439699
7988 -2.463858 -2.139484
7990 -2.460673 -2.164129
7992 -2.457006 -1.981845
7994 -2.452854 -1.727210
7996 -2.448218 -2.657876
7998 -2.443096 -1.976364
8000 -2.437488 -2.029669
8002 -2.431394 -2.634142
8004 -2.424813 -1.543978
8006 -2.417744 -3.138328
8008 -2.410189 -2.958801
8010 -2.402146 -3.282541
8012 -2.393617 -2.154405
8014 -2.384600 -2.860263
8016 -2.375098 -2.063831
8018 -2.365110 -1.538678
8020 -2.354638 -1.990815
8022 -2.343681 -1.541265
8024 -2.332242 -2.185519
8026 -2.320320 -2.126878
8028 -2.307918 -3.033171
8030 -2.295037 -1.358885
8032 -2.281678 -3.210096
8034 -2.267843 -1.622044
8036 -2.253533 -3.069919
8038 -2.238752 -2.299182
8040 -2.223500 -1.533976
8042 -2.207780 -3.161028
8044 -2.191594 -2.568223
8046 -2.174945 -2.653777
8048 -2.157835 -2.057749
8050 -2.140267 -1.166357
8052 -2.122244 -1.278680
8054 -2.103769 -2.502990
8056 -2.084844 -1.360084
8058 -2.065473 -2.406695
8060 -2.045660 -2.953615
8062 -2.025408 -1.868640
8064 -2.004719 -1.524853
8066 -1.983599 -2.987242
8068 -1.962051 -1.502754
8070 -1.940079 -0.986081
8072 -1.917686 -2.779356
8074 -1.894878 -2.174383
8076 -1.871658 -2.371724
8078 -1.848030 -1.377227
8080 -1.824001 -2.256267
8082 -1.799573 -0.915413
8084 -1.774752 -1.481538
8086 -1.749542 -1.015506
8088 -1.723949 -1.627188
8090 -1.697978 -1.111282
8092 -1.671634 -0.983140
8094 -1.644921 -1.458706
8096 -1.617847 -1.367919
8098 -1.590415 -0.701317
8100 -1.562633 -2.420304
8102 -1.534504 -1.578960
8104 -1.506036 -0.554550
8106 -1.477234 -1.696358
8108 -1.448105 -0.956679
8110 -1.418653 -1.352835
8112 -1.388886 -1.620324
8114 -1.358810 -1.010519
8116 -1.328430 -0.649010
8118 -1.297754 -1.792090
8120 -1.266789 -2.247861
8122 -1.235540 -0.452703
8124 -1.204014 -0.530700
8126 -1.172218 -0.663033
8128 -1.140160 -0.351070
8130 -1.107845 -0.965835
8132 -1.075281 -0.603198
8134 -1.042476 -0.106656
8136 -1.009435 -0.139035
8138 -0.976167 0.003242
8140 -0.942679 -0.529170
8142 -0.908977 -1.464465
8144 -0.875070 -0.005633
8146 -0.840965 -1.128885
8148 -0.806669 -1.623274
8150 -0.772191 -0.801656
8152 -0.737536 -1.434937
8154 -0.702714 0.172485
8156 -0.667732 -1.508186
8158 -0.632598 -0.077787
8160 -0.597319 0.168748
8162 -0.561904 -1.258773
8164 -0.526359 -1.015262
8166 -0.490695 0.227089
8168 -0.454917 -0.371192
8170 -0.419034 0.582695
8172 -0.383055 -0.600758
8174 -0.346987 0.503485
8176 -0.310838 0.036859
8178 -0.274617 -0.815729
8180 -0.238331 -0.885530
8182 -0.201989 0.160797
8184 -0.165599 -0.928215
8186 -0.129169 -1.107895
8188 -0.092707 -0.226074
8190 -0.056222 -1.035582
